1.030197 0.03019700000000003
1.060293 0.0300959999999999
1.093131 0.032838000000000145
1.093963 0.03367000000000009
1.123227 0.0300959999999999
1.124059 0.0300959999999999
1.155797 0.03256999999999999
1.157429 0.034202000000000066
1.158261 0.034202000000000066
1.159893 0.035834000000000144
1.185893 0.030096000000000123
1.187525 0.0300959999999999
1.188357 0.030096000000000123
1.189989 0.0300959999999999
1.218464 0.032570999999999906
1.220096 0.03420299999999998
1.220928 0.03340300000000007
1.22256 0.03503500000000015
1.224192 0.03583499999999984
1.225024 0.03666699999999978
1.226656 0.036667000000000005
1.227488 0.03749899999999995
1.24856 0.0300959999999999
1.250192 0.0300959999999999
1.251024 0.0300959999999999
1.252656 0.0300959999999999
1.254288 0.030096000000000123
1.25512 0.030096000000000123
1.256752 0.030096000000000123
1.257584 0.030096000000000123
1.281131 0.03257100000000013
1.282763 0.034203000000000205
1.283595 0.03340300000000007
1.285227 0.03503499999999993
1.286859 0.03583500000000006
1.287691 0.036667000000000005
1.289323 0.036667000000000005
1.290155 0.03749899999999995
1.291787 0.03749899999999995
1.293419 0.03913100000000003
1.294251 0.03913100000000003
1.295883 0.04076299999999988
1.297515 0.04076299999999988
1.298347 0.04159499999999983
1.299979 0.04239499999999996
1.300811 0.043226999999999904
1.311227 0.0300959999999999
1.312859 0.0300959999999999
1.313691 0.0300959999999999
1.315323 0.030096000000000123
1.316955 0.030096000000000123
1.317787 0.030096000000000123
1.319419 0.0300959999999999
1.320251 0.030096000000000123
1.321883 0.0300959999999999
1.323515 0.0300959999999999
1.324347 0.0300959999999999
1.325979 0.030096000000000123
1.327611 0.030096000000000123
1.328443 0.030096000000000123
1.330075 0.0300959999999999
1.330907 0.030096000000000123
1.343797 0.03256999999999999
1.345429 0.034202000000000066
1.346261 0.03340199999999993
1.347893 0.03503400000000001
1.349525 0.035834000000000144
1.350357 0.03666600000000009
1.351989 0.03666600000000009
1.352821 0.03749800000000003
1.354453 0.03749799999999981
1.356085 0.03829799999999994
1.356917 0.03749800000000003
1.358549 0.03829799999999994
1.360181 0.038298000000000165
1.361813 0.03829799999999994
1.363445 0.03909800000000008
1.365077 0.03909800000000008
1.366709 0.039097999999999855
1.368341 0.03989799999999999
1.369973 0.03989800000000021
1.371605 0.0406979999999999
1.373893 0.030096000000000123
1.375525 0.030096000000000123
1.376357 0.030096000000000123
1.377989 0.0300959999999999
1.379621 0.0300959999999999
1.380453 0.0300959999999999
1.382085 0.0300959999999999
1.382917 0.0300959999999999
1.384549 0.030096000000000123
1.386181 0.030096000000000123
1.387013 0.030096000000000123
1.388645 0.0300959999999999
1.390277 0.0300959999999999
1.391909 0.030096000000000123
1.393541 0.0300959999999999
1.395173 0.0300959999999999
1.396805 0.030096000000000123
1.398437 0.0300959999999999
1.400069 0.0300959999999999
1.401701 0.030096000000000123
1.406464 0.032570999999999906
1.408096 0.032570999999999906
1.409728 0.03337100000000004
1.41136 0.03337100000000004
1.412992 0.03337100000000004
1.414624 0.03417100000000017
1.416256 0.03417099999999995
1.417888 0.034971000000000085
1.41952 0.03497099999999986
1.421152 0.03497099999999986
1.422784 0.035771
1.424416 0.035771
1.426048 0.035771
1.42848 0.03657099999999991
1.430112 0.03657100000000013
1.431744 0.03657099999999991
1.433376 0.03657099999999991
1.435008 0.03657100000000013
1.43656 0.030096000000000123
1.43744 0.03737100000000004
1.438192 0.0300959999999999
1.439072 0.03737099999999982
1.439824 0.0300959999999999
1.441456 0.030096000000000123
1.443088 0.0300959999999999
1.44472 0.0300959999999999
1.446352 0.030096000000000123
1.447984 0.0300959999999999
1.449616 0.030096000000000123
1.451248 0.030096000000000123
1.45288 0.0300959999999999
1.454512 0.030096000000000123
1.456144 0.030096000000000123
1.458576 0.030096000000000123
1.460208 0.0300959999999999
1.46184 0.030096000000000123
1.463472 0.030096000000000123
1.465104 0.0300959999999999
1.467536 0.0300959999999999
1.469131 0.032570999999999906
1.469168 0.030096000000000123
1.470763 0.03257100000000013
1.472395 0.032570999999999906
1.474827 0.03337100000000004
1.476459 0.03337100000000004
1.478091 0.03337100000000004
1.479723 0.03337099999999982
1.482155 0.03417099999999995
1.483787 0.03417099999999995
1.485419 0.03417099999999995
1.487051 0.03417099999999995
1.489483 0.03497099999999986
1.491115 0.03497099999999986
1.493547 0.03497099999999986
1.495179 0.034971000000000085
1.496811 0.03497099999999986
1.498443 0.03497099999999986
1.499227 0.030096000000000123
1.500075 0.034971000000000085
1.500859 0.0300959999999999
1.502491 0.030096000000000123
1.502507 0.034971000000000085
1.504139 0.03497099999999986
1.504923 0.0300959999999999
1.506555 0.030096000000000123
1.508187 0.0300959999999999
1.509819 0.030096000000000123
1.512251 0.030096000000000123
1.513883 0.030096000000000123
1.515515 0.0300959999999999
1.517147 0.030096000000000123
1.519579 0.030096000000000123
1.521211 0.030096000000000123
1.523643 0.030096000000000123
1.525275 0.0300959999999999
1.526907 0.030096000000000123
1.528539 0.030096000000000123
1.530171 0.0300959999999999
1.531797 0.03256999999999999
1.532603 0.0300959999999999
1.533429 0.03256999999999999
1.534235 0.030096000000000123
1.535061 0.03256999999999999
1.537493 0.03256999999999999
1.539925 0.0333699999999999
1.541557 0.03337000000000012
1.543189 0.0333699999999999
1.545621 0.0333699999999999
1.547253 0.0333699999999999
1.548885 0.03337000000000012
1.550517 0.0333699999999999
1.552949 0.0333699999999999
1.555381 0.03416999999999981
1.557013 0.0333699999999999
1.559445 0.034170000000000034
1.561077 0.034170000000000034
1.561893 0.0300959999999999
1.562709 0.03416999999999981
1.563525 0.030096000000000123
1.564341 0.034170000000000034
1.565157 0.0300959999999999
1.566773 0.034170000000000034
1.567589 0.0300959999999999
1.568405 0.034170000000000034
1.570021 0.030096000000000123
1.571653 0.0300959999999999
1.573285 0.030096000000000123
1.575717 0.030096000000000123
1.577349 0.0300959999999999
1.578981 0.0300959999999999
1.580613 0.030096000000000123
1.583045 0.030096000000000123
1.585477 0.030096000000000123
1.587109 0.030096000000000123
1.589541 0.030096000000000123
1.591173 0.0300959999999999
1.592805 0.030096000000000123
1.594437 0.030096000000000123
1.594464 0.03257100000000013
1.596096 0.032570999999999906
1.596869 0.030096000000000123
1.597728 0.03257100000000013
1.598501 0.0300959999999999
1.60016 0.03257100000000013
1.602592 0.032570999999999906
1.604224 0.03257100000000013
1.606656 0.03337100000000004
1.608288 0.032570999999999906
1.61072 0.03337100000000004
1.612352 0.03337100000000004
1.613984 0.03337100000000004
1.616416 0.03337100000000004
1.618848 0.03337100000000004
1.62048 0.03337099999999982
1.622912 0.03337099999999982
1.624544 0.03337100000000004
1.62456 0.0300959999999999
1.626176 0.03337100000000004
1.626192 0.030096000000000123
1.627808 0.03337099999999982
1.627824 0.0300959999999999
1.63024 0.03337099999999982
1.630256 0.0300959999999999
1.631872 0.03337100000000004
1.632688 0.0300959999999999
1.63432 0.0300959999999999
1.636752 0.0300959999999999
1.638384 0.030096000000000123
1.640816 0.030096000000000123
1.642448 0.0300959999999999
1.64408 0.0300959999999999
1.646512 0.0300959999999999
1.648944 0.0300959999999999
1.650576 0.030096000000000123
1.653008 0.030096000000000123
1.65464 0.030096000000000123
1.656272 0.0300959999999999
1.657131 0.032570999999999906
1.657904 0.030096000000000123
1.658763 0.032570999999999906
1.660336 0.030096000000000123
1.660395 0.03257100000000013
1.661968 0.0300959999999999
1.662827 0.03257100000000013
1.665259 0.03257100000000013
1.666891 0.032570999999999906
1.669323 0.032570999999999906
1.670955 0.032570999999999906
1.673387 0.032570999999999906
1.675019 0.03257100000000013
1.677451 0.03337100000000004
1.679883 0.03337100000000004
1.681515 0.03257100000000013
1.683947 0.03337100000000004
1.685579 0.032570999999999906
1.687227 0.030096000000000123
1.688011 0.03337099999999982
1.688859 0.030096000000000123
1.689643 0.03337100000000004
1.690491 0.0300959999999999
1.691275 0.03337100000000004
1.692923 0.0300959999999999
1.693707 0.03337100000000004
1.695339 0.03337100000000004
1.695355 0.0300959999999999
1.696987 0.030096000000000123
1.699419 0.030096000000000123
1.701051 0.030096000000000123
1.703483 0.030096000000000123
1.705115 0.0300959999999999
1.707547 0.0300959999999999
1.709979 0.0300959999999999
1.711611 0.0300959999999999
1.714043 0.0300959999999999
1.715675 0.030096000000000123
1.718107 0.030096000000000123
1.719739 0.0300959999999999
1.719797 0.03256999999999999
1.721371 0.0300959999999999
1.721429 0.03256999999999999
1.723061 0.03256999999999999
1.723803 0.0300959999999999
1.725435 0.030096000000000123
1.725493 0.03256999999999999
1.727925 0.03256999999999999
1.729557 0.03256999999999999
1.731989 0.03256999999999999
1.733621 0.03256999999999999
1.736053 0.03256999999999999
1.737685 0.03256999999999999
1.740117 0.03256999999999999
1.742549 0.03256999999999999
1.744181 0.03256999999999999
1.746613 0.03256999999999999
1.748245 0.03256999999999999
1.749893 0.0300959999999999
1.750677 0.03256999999999999
1.751525 0.0300959999999999
1.752309 0.03256999999999999
1.753157 0.030096000000000123
1.754741 0.03337000000000012
1.755589 0.030096000000000123
1.756373 0.03256999999999999
1.758021 0.030096000000000123
1.758805 0.0333699999999999
1.759653 0.0300959999999999
1.762085 0.0300959999999999
1.763717 0.0300959999999999
1.766149 0.0300959999999999
1.767781 0.030096000000000123
1.770213 0.030096000000000123
1.772645 0.030096000000000123
1.774277 0.030096000000000123
1.776709 0.030096000000000123
1.778341 0.0300959999999999
1.780773 0.0300959999999999
1.782405 0.030096000000000123
1.782464 0.03257100000000013
1.784096 0.032570999999999906
1.784837 0.0300959999999999
1.785728 0.032570999999999906
1.786469 0.030096000000000123
1.78816 0.032570999999999906
1.788901 0.030096000000000123
1.790592 0.032570999999999906
1.792224 0.03257100000000013
1.794656 0.03257100000000013
1.796288 0.03257100000000013
1.79872 0.03257100000000013
1.800352 0.032570999999999906
1.802784 0.032570999999999906
1.805216 0.032570999999999906
1.806848 0.032570999999999906
1.80928 0.032570999999999906
1.810912 0.03257100000000013
1.81256 0.0300959999999999
1.813344 0.03257100000000013
1.814192 0.030096000000000123
1.814976 0.032570999999999906
1.815824 0.030096000000000123
1.817408 0.032570999999999906
1.818256 0.030096000000000123
1.81904 0.032570999999999906
1.820688 0.030096000000000123
1.821472 0.032570999999999906
1.82232 0.0300959999999999
1.824752 0.0300959999999999
1.826384 0.0300959999999999
1.828816 0.0300959999999999
1.830448 0.030096000000000123
1.83288 0.030096000000000123
1.835312 0.030096000000000123
1.836944 0.0300959999999999
1.839376 0.0300959999999999
1.841008 0.0300959999999999
1.84344 0.0300959999999999
1.845072 0.030096000000000123
1.845131 0.03257100000000013
1.846763 0.032570999999999906
1.847504 0.030096000000000123
1.848395 0.032570999999999906
1.849136 0.0300959999999999
1.850827 0.032570999999999906
1.851568 0.030096000000000123
1.853259 0.032570999999999906
1.854891 0.03257100000000013
1.857323 0.03257100000000013
1.858955 0.032570999999999906
1.861387 0.032570999999999906
1.863019 0.032570999999999906
1.865451 0.032570999999999906
1.867883 0.032570999999999906
1.869515 0.03257100000000013
1.871947 0.03257100000000013
1.873579 0.03257100000000013
1.875227 0.0300959999999999
1.876011 0.03257100000000013
1.876859 0.030096000000000123
1.877643 0.032570999999999906
1.878491 0.0300959999999999
1.880075 0.032570999999999906
1.880923 0.0300959999999999
1.881707 0.03257100000000013
1.883355 0.0300959999999999
1.884139 0.032570999999999906
1.884987 0.0300959999999999
1.887419 0.0300959999999999
1.889051 0.030096000000000123
1.891483 0.030096000000000123
1.893115 0.030096000000000123
1.895547 0.030096000000000123
1.897979 0.030096000000000123
1.899611 0.0300959999999999
1.902043 0.0300959999999999
1.903675 0.0300959999999999
1.906107 0.0300959999999999
1.907739 0.030096000000000123
1.907797 0.03256999999999999
1.909429 0.03256999999999999
1.910171 0.030096000000000123
1.911061 0.03256999999999999
1.911803 0.0300959999999999
1.913493 0.03257000000000021
1.914235 0.0300959999999999
1.915925 0.03257000000000021
1.917557 0.03256999999999999
1.919989 0.03256999999999999
1.921621 0.03256999999999999
1.924053 0.03256999999999999
1.925685 0.03256999999999999
1.928117 0.03256999999999999
1.930549 0.03256999999999999
1.932181 0.03256999999999999
1.934613 0.03256999999999999
1.936245 0.03256999999999999
1.937893 0.030096000000000123
1.938677 0.03256999999999999
1.939525 0.0300959999999999
1.940309 0.03256999999999999
1.941157 0.030096000000000123
1.942741 0.03256999999999999
1.943589 0.0300959999999999
1.944373 0.03256999999999999
1.946021 0.0300959999999999
1.946805 0.03256999999999999
1.947653 0.030096000000000123
1.950085 0.030096000000000123
1.951717 0.0300959999999999
1.954149 0.0300959999999999
1.955781 0.0300959999999999
1.958213 0.0300959999999999
1.960645 0.0300959999999999
1.962277 0.030096000000000123
1.964709 0.030096000000000123
1.966341 0.0300959999999999
1.968773 0.030096000000000123
1.970405 0.0300959999999999
1.970464 0.032570999999999906
1.972096 0.03257100000000013
1.972837 0.0300959999999999
1.973728 0.032570999999999906
1.974469 0.030096000000000123
1.97616 0.032570999999999906
1.976901 0.030096000000000123
1.978592 0.032570999999999906
1.980224 0.032570999999999906
1.982656 0.032570999999999906
1.984288 0.03257100000000013
1.98672 0.03257100000000013
1.988352 0.032570999999999906
1.990784 0.03257100000000013
1.993216 0.03257100000000013
1.994848 0.032570999999999906
1.99728 0.032570999999999906
1.998912 0.03257100000000013
2.00056 0.030096000000000123
2.001344 0.032570999999999906
2.002192 0.0300959999999999
2.002976 0.032570999999999906
2.003824 0.0300959999999999
2.005408 0.03257100000000013
2.006256 0.030096000000000123
2.00704 0.032570999999999906
2.008688 0.0300959999999999
2.009472 0.03257100000000013
2.01032 0.030096000000000123
2.012752 0.0300959999999999
2.014384 0.030096000000000123
2.016816 0.0300959999999999
2.018448 0.0300959999999999
2.02088 0.0300959999999999
2.023312 0.030096000000000123
2.024944 0.030096000000000123
2.027376 0.0300959999999999
2.029008 0.030096000000000123
2.03144 0.0300959999999999
2.033072 0.030096000000000345
2.033131 0.032570999999999906
2.034763 0.032570999999999906
2.035504 0.0300959999999999
2.036395 0.03257100000000035
2.037136 0.0300959999999999
2.038827 0.032570999999999906
2.039568 0.0300959999999999
2.041259 0.03257100000000035
2.042891 0.032570999999999906
2.045323 0.032570999999999906
2.046955 0.032570999999999906
2.049387 0.032570999999999906
2.051019 0.03257100000000035
2.053451 0.032570999999999906
2.055883 0.032570999999999906
2.057515 0.032570999999999906
2.059947 0.03257100000000035
2.061579 0.032570999999999906
2.063227 0.0300959999999999
2.064011 0.032570999999999906
2.064859 0.030096000000000345
2.065643 0.032570999999999906
2.066491 0.0300959999999999
2.068075 0.032570999999999906
2.068923 0.0300959999999999
2.069707 0.03257100000000035
2.071355 0.0300959999999999
2.072139 0.032570999999999906
2.072987 0.0300959999999999
2.075419 0.030096000000000345
2.077051 0.0300959999999999
2.079483 0.030096000000000345
2.081115 0.0300959999999999
2.083547 0.0300959999999999
2.085979 0.0300959999999999
2.087611 0.0300959999999999
2.090043 0.0300959999999999
2.091675 0.0300959999999999
2.094107 0.030096000000000345
2.095739 0.0300959999999999
2.095797 0.03257000000000021
2.097429 0.032569999999999766
2.098171 0.0300959999999999
2.099061 0.032569999999999766
2.099803 0.0300959999999999
2.101493 0.03257000000000021
2.102235 0.0300959999999999
2.103925 0.032569999999999766
2.105557 0.03257000000000021
2.107989 0.032569999999999766
2.109621 0.03257000000000021
2.112053 0.032569999999999766
2.113685 0.032569999999999766
2.116117 0.03257000000000021
2.118549 0.032569999999999766
2.120181 0.03257000000000021
2.122613 0.032569999999999766
2.124245 0.03257000000000021
2.125893 0.0300959999999999
2.126677 0.032569999999999766
2.127525 0.0300959999999999
2.128309 0.032569999999999766
2.129157 0.030096000000000345
2.130741 0.03257000000000021
2.131589 0.0300959999999999
2.132373 0.032569999999999766
2.134021 0.030096000000000345
2.134805 0.03257000000000021
2.135653 0.0300959999999999
2.138085 0.0300959999999999
2.139717 0.0300959999999999
2.142149 0.0300959999999999
2.143781 0.030096000000000345
2.146213 0.0300959999999999
2.148645 0.030096000000000345
2.150277 0.0300959999999999
2.152709 0.030096000000000345
2.154341 0.0300959999999999
2.156773 0.0300959999999999
2.158405 0.030096000000000345
2.158464 0.032570999999999906
2.160096 0.032570999999999906
2.160837 0.0300959999999999
2.161728 0.032570999999999906
2.162469 0.030096000000000345
2.16416 0.032570999999999906
2.164901 0.0300959999999999
2.166592 0.032570999999999906
2.168224 0.032570999999999906
2.170656 0.03257100000000035
2.172288 0.032570999999999906
2.17472 0.03257100000000035
2.176352 0.032570999999999906
2.178784 0.032570999999999906
2.181216 0.032570999999999906
2.182848 0.032570999999999906
2.18528 0.032570999999999906
2.186912 0.032570999999999906
2.18856 0.0300959999999999
2.189344 0.03257100000000035
2.190192 0.030096000000000345
2.190976 0.032570999999999906
2.191824 0.0300959999999999
2.193408 0.032570999999999906
2.194256 0.030096000000000345
2.19504 0.032570999999999906
2.196688 0.0300959999999999
2.197472 0.032570999999999906
2.19832 0.0300959999999999
2.200752 0.0300959999999999
2.202384 0.0300959999999999
2.204816 0.0300959999999999
2.206448 0.0300959999999999
2.20888 0.030096000000000345
2.211312 0.0300959999999999
2.212944 0.0300959999999999
2.215376 0.0300959999999999
2.217008 0.0300959999999999
2.21944 0.0300959999999999
2.221072 0.0300959999999999
2.221131 0.03257100000000035
2.222763 0.032570999999999906
2.223504 0.030096000000000345
2.224395 0.032570999999999906
2.225136 0.0300959999999999
2.226827 0.032570999999999906
2.227568 0.030096000000000345
2.229259 0.032570999999999906
2.230891 0.03257100000000035
2.233323 0.032570999999999906
2.234955 0.032570999999999906
2.237387 0.032570999999999906
2.239019 0.032570999999999906
2.241451 0.032570999999999906
2.243883 0.032570999999999906
2.245515 0.03257100000000035
2.247947 0.032570999999999906
2.249579 0.03257100000000035
2.251227 0.0300959999999999
2.252011 0.032570999999999906
2.252859 0.0300959999999999
2.253643 0.032570999999999906
2.254491 0.0300959999999999
2.256075 0.032570999999999906
2.256923 0.0300959999999999
2.257707 0.032570999999999906
2.259355 0.0300959999999999
2.260139 0.032570999999999906
2.260987 0.0300959999999999
2.263419 0.0300959999999999
2.265051 0.030096000000000345
2.267483 0.0300959999999999
2.269115 0.030096000000000345
2.271547 0.0300959999999999
2.273979 0.030096000000000345
2.275611 0.0300959999999999
2.278043 0.0300959999999999
2.279675 0.0300959999999999
2.282107 0.0300959999999999
2.283739 0.030096000000000345
2.283797 0.032569999999999766
2.285429 0.03257000000000021
2.286171 0.0300959999999999
2.287061 0.03257000000000021
2.287803 0.0300959999999999
2.289493 0.032569999999999766
2.290235 0.0300959999999999
2.291925 0.03257000000000021
2.293557 0.032569999999999766
2.295989 0.03257000000000021
2.297621 0.032569999999999766
2.300053 0.03257000000000021
2.301685 0.032569999999999766
2.304117 0.03257000000000021
2.306549 0.032569999999999766
2.308181 0.032569999999999766
2.310613 0.03257000000000021
2.312245 0.032569999999999766
2.313893 0.030096000000000345
2.314677 0.03257000000000021
2.315525 0.0300959999999999
2.316309 0.032569999999999766
2.317157 0.0300959999999999
2.318741 0.03257000000000021
2.319589 0.030096000000000345
2.320373 0.03257000000000021
2.322021 0.0300959999999999
2.322805 0.032569999999999766
2.323653 0.030096000000000345
2.326085 0.0300959999999999
2.327717 0.0300959999999999
2.330149 0.0300959999999999
2.331781 0.0300959999999999
2.334213 0.0300959999999999
2.336645 0.0300959999999999
2.338277 0.030096000000000345
2.340709 0.0300959999999999
2.342341 0.0300959999999999
2.344773 0.0300959999999999
2.346405 0.0300959999999999
2.346464 0.032570999999999906
2.348096 0.032570999999999906
2.348837 0.0300959999999999
2.349728 0.032570999999999906
2.350469 0.0300959999999999
2.35216 0.032570999999999906
2.352901 0.030096000000000345
2.354592 0.032570999999999906
2.356224 0.032570999999999906
2.358656 0.032570999999999906
2.360288 0.03257100000000035
2.36272 0.032570999999999906
2.364352 0.032570999999999906
2.366784 0.032570999999999906
2.369216 0.03257100000000035
2.370848 0.032570999999999906
2.37328 0.032570999999999906
2.374912 0.03257100000000035
2.37656 0.0300959999999999
2.377344 0.032570999999999906
2.378192 0.0300959999999999
2.378976 0.03257100000000035
2.379824 0.030096000000000345
2.381408 0.032570999999999906
2.382256 0.0300959999999999
2.38304 0.032570999999999906
2.384688 0.030096000000000345
2.385472 0.032570999999999906
2.38632 0.0300959999999999
2.388752 0.030096000000000345
2.390384 0.0300959999999999
2.392816 0.0300959999999999
2.394448 0.030096000000000345
2.39688 0.0300959999999999
2.399312 0.0300959999999999
2.400944 0.0300959999999999
2.403376 0.030096000000000345
2.405008 0.0300959999999999
2.40744 0.0300959999999999
2.409072 0.0300959999999999
2.409131 0.032570999999999906
2.410763 0.03257100000000035
2.411504 0.0300959999999999
2.412395 0.032570999999999906
2.413136 0.030096000000000345
2.414827 0.032570999999999906
2.415568 0.0300959999999999
2.417259 0.032570999999999906
2.418891 0.032570999999999906
2.421323 0.032570999999999906
2.422955 0.032570999999999906
2.425387 0.03257100000000035
2.427019 0.032570999999999906
2.429451 0.032570999999999906
2.431883 0.032570999999999906
2.433515 0.032570999999999906
2.435947 0.032570999999999906
2.437579 0.032570999999999906
2.439227 0.0300959999999999
2.440011 0.03257100000000035
2.440859 0.0300959999999999
2.441643 0.032570999999999906
2.442491 0.0300959999999999
2.444075 0.03257100000000035
2.444923 0.030096000000000345
2.445707 0.032570999999999906
2.447355 0.0300959999999999
2.448139 0.032570999999999906
2.448987 0.0300959999999999
2.451419 0.0300959999999999
2.453051 0.0300959999999999
2.455483 0.0300959999999999
2.457115 0.0300959999999999
2.459547 0.030096000000000345
2.461979 0.0300959999999999
2.463611 0.030096000000000345
2.466043 0.0300959999999999
2.467675 0.0300959999999999
2.470107 0.0300959999999999
2.471739 0.0300959999999999
2.471797 0.03257000000000021
2.473429 0.032569999999999766
2.474171 0.0300959999999999
2.475061 0.03257000000000021
2.475803 0.0300959999999999
2.477493 0.032569999999999766
2.478235 0.030096000000000345
2.479925 0.03257000000000021
2.481557 0.03257000000000021
2.483989 0.032569999999999766
2.485621 0.03257000000000021
2.488053 0.032569999999999766
2.489685 0.03257000000000021
2.492117 0.032569999999999766
2.494549 0.03257000000000021
2.496181 0.032569999999999766
2.498613 0.03257000000000021
2.500245 0.03257000000000021
2.501893 0.0300959999999999
2.502677 0.032569999999999766
2.503525 0.0300959999999999
2.504309 0.03257000000000021
2.505157 0.0300959999999999
2.506741 0.032569999999999766
2.507589 0.0300959999999999
2.508373 0.03257000000000021
2.510021 0.0300959999999999
2.510805 0.032569999999999766
2.511653 0.0300959999999999
2.514085 0.030096000000000345
2.515717 0.0300959999999999
2.518149 0.030096000000000345
2.519781 0.0300959999999999
2.522213 0.0300959999999999
2.524645 0.0300959999999999
2.526277 0.0300959999999999
2.528709 0.0300959999999999
2.530341 0.0300959999999999
2.532773 0.030096000000000345
2.534405 0.0300959999999999
2.534464 0.032570999999999906
2.536096 0.03257100000000035
2.536837 0.0300959999999999
2.537728 0.032570999999999906
2.538469 0.0300959999999999
2.54016 0.03257100000000035
2.540901 0.0300959999999999
2.542592 0.032570999999999906
2.544224 0.032570999999999906
2.546656 0.032570999999999906
2.548288 0.032570999999999906
2.55072 0.032570999999999906
2.552352 0.032570999999999906
2.554784 0.03257100000000035
2.557216 0.032570999999999906
2.558848 0.032570999999999906
2.56128 0.032570999999999906
2.562912 0.032570999999999906
2.56456 0.030096000000000345
2.565344 0.032570999999999906
2.566192 0.0300959999999999
2.566976 0.032570999999999906
2.567824 0.0300959999999999
2.569408 0.03257100000000035
2.570256 0.0300959999999999
2.57104 0.032570999999999906
2.572688 0.0300959999999999
2.573472 0.03257100000000035
2.57432 0.030096000000000345
2.576752 0.0300959999999999
2.578384 0.0300959999999999
2.580816 0.0300959999999999
2.582448 0.0300959999999999
2.58488 0.0300959999999999
2.587312 0.0300959999999999
2.588944 0.030096000000000345
2.591376 0.0300959999999999
2.593008 0.030096000000000345
2.59544 0.0300959999999999
2.597072 0.0300959999999999
2.597131 0.032570999999999906
2.598763 0.032570999999999906
2.599504 0.0300959999999999
2.600395 0.032570999999999906
2.601136 0.0300959999999999
2.602827 0.032570999999999906
2.603568 0.0300959999999999
2.605259 0.03257100000000035
2.606891 0.032570999999999906
2.609323 0.032570999999999906
2.610955 0.03257100000000035
2.613387 0.032570999999999906
2.615019 0.03257100000000035
2.617451 0.032570999999999906
2.619883 0.03257100000000035
2.621515 0.032570999999999906
2.623947 0.032570999999999906
2.625579 0.032570999999999906
2.627227 0.0300959999999999
2.628011 0.032570999999999906
2.628859 0.0300959999999999
2.629643 0.03257100000000035
2.630491 0.030096000000000345
2.632075 0.032570999999999906
2.632923 0.0300959999999999
2.633707 0.032570999999999906
2.635355 0.0300959999999999
2.636139 0.032570999999999906
2.636987 0.0300959999999999
2.639419 0.030096000000000345
2.641051 0.0300959999999999
2.643483 0.0300959999999999
2.645115 0.0300959999999999
2.647547 0.0300959999999999
2.649979 0.0300959999999999
2.651611 0.0300959999999999
2.654043 0.030096000000000345
2.655675 0.0300959999999999
2.658107 0.030096000000000345
2.659739 0.0300959999999999
2.659797 0.03257000000000021
2.661429 0.03257000000000021
2.662171 0.0300959999999999
2.663061 0.032569999999999766
2.663803 0.030096000000000345
2.665493 0.03257000000000021
2.666235 0.0300959999999999
2.667925 0.032569999999999766
2.669557 0.03257000000000021
2.671989 0.032569999999999766
2.673621 0.032569999999999766
2.676053 0.03257000000000021
2.677685 0.032569999999999766
2.680117 0.03257000000000021
2.682549 0.032569999999999766
2.684181 0.03257000000000021
2.686613 0.032569999999999766
2.688245 0.03257000000000021
2.689893 0.0300959999999999
2.690677 0.032569999999999766
2.691525 0.0300959999999999
2.692309 0.032569999999999766
2.693157 0.0300959999999999
2.694741 0.03257000000000021
2.695589 0.0300959999999999
2.696373 0.032569999999999766
2.698021 0.0300959999999999
2.698805 0.03257000000000021
2.699653 0.0300959999999999
2.702085 0.0300959999999999
2.703717 0.030096000000000345
2.706149 0.0300959999999999
2.707781 0.030096000000000345
2.710213 0.0300959999999999
2.712645 0.030096000000000345
2.714277 0.0300959999999999
2.716709 0.0300959999999999
2.718341 0.0300959999999999
2.720773 0.0300959999999999
2.722405 0.030096000000000345
2.722464 0.032570999999999906
2.724096 0.032570999999999906
2.724837 0.0300959999999999
2.725728 0.03257100000000035
2.726469 0.0300959999999999
2.72816 0.032570999999999906
2.728901 0.0300959999999999
2.730592 0.03257100000000035
2.732224 0.032570999999999906
2.734656 0.03257100000000035
2.736288 0.032570999999999906
2.73872 0.032570999999999906
2.740352 0.032570999999999906
2.742784 0.032570999999999906
2.745216 0.032570999999999906
2.746848 0.032570999999999906
2.74928 0.03257100000000035
2.750912 0.032570999999999906
2.75256 0.0300959999999999
2.753344 0.032570999999999906
2.754192 0.030096000000000345
2.754976 0.032570999999999906
2.755824 0.0300959999999999
2.757408 0.032570999999999906
2.758256 0.0300959999999999
2.75904 0.03257100000000035
2.760688 0.0300959999999999
2.761472 0.032570999999999906
2.76232 0.0300959999999999
2.764752 0.0300959999999999
2.766384 0.0300959999999999
2.768816 0.030096000000000345
2.770448 0.0300959999999999
2.77288 0.0300959999999999
2.775312 0.0300959999999999
2.776944 0.0300959999999999
2.779376 0.0300959999999999
2.781008 0.0300959999999999
2.78344 0.030096000000000345
2.785072 0.0300959999999999
2.785131 0.032570999999999906
2.786763 0.032570999999999906
2.787504 0.030096000000000345
2.788395 0.032570999999999906
2.789136 0.0300959999999999
2.790827 0.03257100000000035
2.791568 0.0300959999999999
2.793259 0.032570999999999906
2.794891 0.032570999999999906
2.797323 0.032570999999999906
2.798955 0.032570999999999906
2.801387 0.032570999999999906
2.803019 0.032570999999999906
2.805451 0.03257100000000035
2.807883 0.032570999999999906
2.809515 0.03257100000000035
2.811947 0.032570999999999906
2.813579 0.032570999999999906
2.815227 0.030096000000000345
2.816011 0.032570999999999906
2.816859 0.0300959999999999
2.817643 0.032570999999999906
2.818491 0.0300959999999999
2.820075 0.032570999999999906
2.820923 0.0300959999999999
2.821707 0.032570999999999906
2.823355 0.0300959999999999
2.824139 0.03257100000000035
2.824987 0.030096000000000345
2.827419 0.0300959999999999
2.829051 0.030096000000000345
2.831483 0.0300959999999999
2.833115 0.0300959999999999
2.835547 0.0300959999999999
2.837979 0.0300959999999999
2.839611 0.0300959999999999
2.842043 0.0300959999999999
2.843675 0.030096000000000345
2.846107 0.0300959999999999
2.847739 0.0300959999999999
2.847797 0.032569999999999766
2.849429 0.03257000000000021
2.850171 0.0300959999999999
2.851061 0.03257000000000021
2.851803 0.0300959999999999
2.853493 0.032569999999999766
2.854235 0.0300959999999999
2.855925 0.03257000000000021
2.857557 0.032569999999999766
2.859989 0.03257000000000021
2.861621 0.032569999999999766
2.864053 0.03257000000000021
2.865685 0.03257000000000021
2.868117 0.032569999999999766
2.870549 0.03257000000000021
2.872181 0.032569999999999766
2.874613 0.03257000000000021
2.876245 0.032569999999999766
2.877893 0.0300959999999999
2.878677 0.03257000000000021
2.879525 0.0300959999999999
2.880309 0.03257000000000021
2.881157 0.0300959999999999
2.882741 0.03257000000000021
2.883589 0.030096000000000345
2.884373 0.03257000000000021
2.886021 0.0300959999999999
2.886805 0.032569999999999766
2.887653 0.0300959999999999
2.890085 0.0300959999999999
2.891717 0.0300959999999999
2.894149 0.0300959999999999
2.895781 0.0300959999999999
2.898213 0.030096000000000345
2.900645 0.0300959999999999
2.902277 0.030096000000000345
2.904709 0.0300959999999999
2.906341 0.0300959999999999
2.908773 0.0300959999999999
2.910405 0.0300959999999999
2.910464 0.03257100000000035
2.912096 0.032570999999999906
2.912837 0.0300959999999999
2.913728 0.032570999999999906
2.914469 0.0300959999999999
2.91616 0.032570999999999906
2.916901 0.030096000000000345
2.918592 0.032570999999999906
2.920224 0.03257100000000035
2.922656 0.032570999999999906
2.924288 0.03257100000000035
2.92672 0.032570999999999906
2.928352 0.032570999999999906
2.930784 0.032570999999999906
2.933216 0.032570999999999906
2.934848 0.032570999999999906
2.93728 0.032570999999999906
2.938912 0.03257100000000035
2.94056 0.0300959999999999
2.941344 0.032570999999999906
2.942192 0.0300959999999999
2.942976 0.032570999999999906
2.943824 0.030096000000000345
2.945408 0.032570999999999906
2.946256 0.0300959999999999
2.94704 0.032570999999999906
2.948688 0.030096000000000345
2.949472 0.032570999999999906
2.95032 0.0300959999999999
2.952752 0.0300959999999999
2.954384 0.0300959999999999
2.956816 0.0300959999999999
2.958448 0.030096000000000345
2.96088 0.0300959999999999
2.963312 0.030096000000000345
2.964944 0.0300959999999999
2.967376 0.0300959999999999
2.969008 0.0300959999999999
2.97144 0.0300959999999999
2.973072 0.030096000000000345
2.973131 0.032570999999999906
2.974763 0.032570999999999906
2.975504 0.0300959999999999
2.976395 0.032570999999999906
2.977136 0.0300959999999999
2.978827 0.032570999999999906
2.979568 0.0300959999999999
2.981259 0.032570999999999906
2.982891 0.032570999999999906
2.985323 0.03257100000000035
2.986955 0.032570999999999906
2.989387 0.032570999999999906
2.991019 0.032570999999999906
2.993451 0.032570999999999906
2.995883 0.032570999999999906
2.997515 0.032570999999999906
2.999947 0.03257100000000035
3.001579 0.032570999999999906
3.003227 0.0300959999999999
3.004011 0.03257100000000035
3.004859 0.030096000000000345
3.005643 0.032570999999999906
3.006491 0.0300959999999999
3.008075 0.032570999999999906
3.008923 0.0300959999999999
3.009707 0.03257100000000035
3.011355 0.0300959999999999
3.012139 0.032570999999999906
3.012987 0.0300959999999999
3.015419 0.0300959999999999
3.017051 0.0300959999999999
3.019483 0.030096000000000345
3.021115 0.0300959999999999
3.023547 0.030096000000000345
3.025979 0.0300959999999999
3.027611 0.0300959999999999
3.030043 0.0300959999999999
3.031675 0.0300959999999999
3.034107 0.0300959999999999
3.035739 0.0300959999999999
3.035797 0.03257000000000021
3.037429 0.032569999999999766
3.038171 0.030096000000000345
3.039061 0.032569999999999766
3.039803 0.0300959999999999
3.041493 0.03257000000000021
3.042235 0.0300959999999999
3.043925 0.03257000000000021
3.045557 0.03257000000000021
3.047989 0.032569999999999766
3.049621 0.03257000000000021
3.052053 0.032569999999999766
3.053685 0.03257000000000021
3.056117 0.032569999999999766
3.058549 0.03257000000000021
3.060181 0.03257000000000021
3.062613 0.032569999999999766
3.064245 0.03257000000000021
3.065893 0.0300959999999999
3.066677 0.032569999999999766
3.067525 0.0300959999999999
3.068309 0.03257000000000021
3.069157 0.030096000000000345
3.070741 0.032569999999999766
3.071589 0.0300959999999999
3.072373 0.032569999999999766
3.074021 0.0300959999999999
3.074805 0.03257000000000021
3.075653 0.0300959999999999
3.078085 0.030096000000000345
3.079717 0.0300959999999999
3.082149 0.0300959999999999
3.083781 0.0300959999999999
3.086213 0.0300959999999999
3.088645 0.0300959999999999
3.090277 0.0300959999999999
3.092709 0.030096000000000345
3.094341 0.0300959999999999
3.096773 0.030096000000000345
3.098405 0.0300959999999999
3.098464 0.032570999999999906
3.100096 0.03257100000000035
3.100837 0.0300959999999999
3.101728 0.032570999999999906
3.102469 0.030096000000000345
3.10416 0.032570999999999906
3.104901 0.0300959999999999
3.106592 0.032570999999999906
3.108224 0.032570999999999906
3.110656 0.032570999999999906
3.112288 0.032570999999999906
3.11472 0.03257100000000035
3.116352 0.032570999999999906
3.118784 0.032570999999999906
3.121216 0.032570999999999906
3.122848 0.032570999999999906
3.12528 0.032570999999999906
3.126912 0.032570999999999906
3.12856 0.0300959999999999
3.129344 0.032570999999999906
3.130192 0.0300959999999999
3.130976 0.032570999999999906
3.131824 0.0300959999999999
3.133408 0.03257100000000035
3.134256 0.030096000000000345
3.13504 0.032570999999999906
3.136688 0.0300959999999999
3.137472 0.032570999999999906
3.13832 0.030096000000000345
3.140752 0.0300959999999999
3.142384 0.0300959999999999
3.144816 0.0300959999999999
3.146448 0.0300959999999999
3.14888 0.030096000000000345
3.151312 0.0300959999999999
3.152944 0.030096000000000345
3.155376 0.0300959999999999
3.157008 0.0300959999999999
3.15944 0.0300959999999999
3.161072 0.0300959999999999
3.161131 0.03257100000000035
3.162763 0.032570999999999906
3.163504 0.0300959999999999
3.164395 0.032570999999999906
3.165136 0.0300959999999999
3.166827 0.032570999999999906
3.167568 0.030096000000000345
3.169259 0.032570999999999906
3.170891 0.032570999999999906
3.173323 0.032570999999999906
3.174955 0.03257100000000035
3.177387 0.032570999999999906
3.179019 0.032570999999999906
3.181451 0.032570999999999906
3.183883 0.032570999999999906
3.185515 0.032570999999999906
3.187947 0.032570999999999906
3.189579 0.03257100000000035
3.191227 0.0300959999999999
3.192011 0.032570999999999906
3.192859 0.0300959999999999
3.193643 0.032570999999999906
3.194491 0.030096000000000345
3.196075 0.032570999999999906
3.196923 0.0300959999999999
3.197707 0.032570999999999906
3.199355 0.030096000000000345
3.200139 0.032570999999999906
3.200987 0.0300959999999999
3.203419 0.0300959999999999
3.205051 0.0300959999999999
3.207483 0.0300959999999999
3.209115 0.030096000000000345
3.211547 0.0300959999999999
3.213979 0.030096000000000345
3.215611 0.0300959999999999
3.218043 0.030096000000000345
3.219675 0.0300959999999999
3.222107 0.0300959999999999
3.223739 0.030096000000000345
3.223797 0.032569999999999766
3.225429 0.03257000000000021
3.226171 0.0300959999999999
3.227061 0.032569999999999766
3.227803 0.030096000000000345
3.229493 0.03257000000000021
3.230235 0.0300959999999999
3.231925 0.032569999999999766
3.233557 0.032569999999999766
3.235989 0.03257000000000021
3.237621 0.032569999999999766
3.240053 0.03257000000000021
3.241685 0.032569999999999766
3.244117 0.03257000000000021
3.246549 0.032569999999999766
3.248181 0.03257000000000021
3.250613 0.032569999999999766
3.252245 0.032569999999999766
3.253893 0.030096000000000345
3.254677 0.03257000000000021
3.255525 0.0300959999999999
3.256309 0.032569999999999766
3.257157 0.0300959999999999
3.258741 0.03257000000000021
3.259589 0.0300959999999999
3.260373 0.032569999999999766
3.262021 0.0300959999999999
3.262805 0.03257000000000021
3.263653 0.030096000000000345
3.266085 0.0300959999999999
3.267717 0.030096000000000345
3.270149 0.0300959999999999
3.271781 0.0300959999999999
3.274213 0.0300959999999999
3.276645 0.0300959999999999
3.278277 0.0300959999999999
3.280709 0.0300959999999999
3.282341 0.030096000000000345
3.284773 0.0300959999999999
3.286405 0.0300959999999999
3.286464 0.032570999999999906
3.288096 0.032570999999999906
3.288837 0.0300959999999999
3.289728 0.03257100000000035
3.290469 0.0300959999999999
3.29216 0.032570999999999906
3.292901 0.0300959999999999
3.294592 0.03257100000000035
3.296224 0.032570999999999906
3.298656 0.032570999999999906
3.300288 0.032570999999999906
3.30272 0.032570999999999906
3.304352 0.03257100000000035
3.306784 0.032570999999999906
3.309216 0.03257100000000035
3.310848 0.032570999999999906
3.31328 0.032570999999999906
3.314912 0.032570999999999906
3.31656 0.0300959999999999
3.317344 0.032570999999999906
3.318192 0.0300959999999999
3.318976 0.03257100000000035
3.319824 0.0300959999999999
3.321408 0.032570999999999906
3.322256 0.0300959999999999
3.32304 0.03257100000000035
3.324688 0.0300959999999999
3.325472 0.032570999999999906
3.32632 0.0300959999999999
3.328752 0.030096000000000345
3.330384 0.0300959999999999
3.332816 0.0300959999999999
3.334448 0.0300959999999999
3.33688 0.0300959999999999
3.339312 0.0300959999999999
3.340944 0.0300959999999999
3.343376 0.030096000000000345
3.345008 0.0300959999999999
3.34744 0.030096000000000345
3.349072 0.0300959999999999
3.349131 0.032570999999999906
3.350763 0.03257100000000035
3.351504 0.0300959999999999
3.352395 0.032570999999999906
3.353136 0.0300959999999999
3.354827 0.032570999999999906
3.355568 0.0300959999999999
3.357259 0.032570999999999906
3.358891 0.032570999999999906
3.361323 0.032570999999999906
3.362955 0.032570999999999906
3.365387 0.03257100000000035
3.367019 0.032570999999999906
3.369451 0.03257100000000035
3.371883 0.032570999999999906
3.373515 0.032570999999999906
3.375947 0.032570999999999906
3.377579 0.032570999999999906
3.379227 0.030096000000000345
3.380011 0.032570999999999906
3.380859 0.0300959999999999
3.381643 0.032570999999999906
3.382491 0.0300959999999999
3.384075 0.03257100000000035
3.384923 0.030096000000000345
3.385707 0.032570999999999906
3.387355 0.0300959999999999
3.388139 0.032570999999999906
3.388987 0.030096000000000345
3.391419 0.0300959999999999
3.393051 0.0300959999999999
3.395483 0.0300959999999999
3.397115 0.0300959999999999
3.399547 0.0300959999999999
3.401979 0.0300959999999999
3.403611 0.030096000000000345
3.406043 0.0300959999999999
3.407675 0.0300959999999999
3.410107 0.0300959999999999
3.411739 0.0300959999999999
3.411797 0.032569999999999766
3.413429 0.032569999999999766
3.414171 0.0300959999999999
3.415061 0.03257000000000021
3.415803 0.0300959999999999
3.417493 0.032569999999999766
3.418235 0.030096000000000345
3.419925 0.03257000000000021
3.421557 0.032569999999999766
3.423989 0.03257000000000021
3.425621 0.03257000000000021
3.428053 0.032569999999999766
3.429685 0.03257000000000021
3.432117 0.032569999999999766
3.434549 0.03257000000000021
3.436181 0.032569999999999766
3.438613 0.03257000000000021
3.440245 0.03257000000000021
3.441893 0.0300959999999999
3.442677 0.03257000000000021
3.443525 0.030096000000000345
3.444309 0.03257000000000021
3.445157 0.0300959999999999
3.446741 0.032569999999999766
3.447589 0.0300959999999999
3.448373 0.03257000000000021
3.450021 0.0300959999999999
3.450805 0.032569999999999766
3.451653 0.0300959999999999
3.454085 0.0300959999999999
3.455717 0.0300959999999999
3.458149 0.030096000000000345
3.459781 0.0300959999999999
3.462213 0.030096000000000345
3.464645 0.0300959999999999
3.466277 0.0300959999999999
3.468709 0.0300959999999999
3.470341 0.0300959999999999
3.472773 0.0300959999999999
3.474405 0.0300959999999999
3.474464 0.03257100000000035
3.476096 0.032570999999999906
3.476837 0.030096000000000345
3.477728 0.032570999999999906
3.478469 0.0300959999999999
3.48016 0.03257100000000035
3.480901 0.0300959999999999
3.482592 0.032570999999999906
3.484224 0.03257100000000035
3.486656 0.032570999999999906
3.488288 0.032570999999999906
3.49072 0.032570999999999906
3.492352 0.032570999999999906
3.494784 0.032570999999999906
3.497216 0.032570999999999906
3.498848 0.03257100000000035
3.50128 0.032570999999999906
3.502912 0.032570999999999906
3.50456 0.0300959999999999
3.505344 0.032570999999999906
3.506192 0.0300959999999999
3.506976 0.032570999999999906
3.507824 0.0300959999999999
3.509408 0.032570999999999906
3.510256 0.0300959999999999
3.51104 0.032570999999999906
3.512688 0.0300959999999999
3.513472 0.03257100000000035
3.51432 0.0300959999999999
3.516752 0.0300959999999999
3.518384 0.030096000000000345
3.520816 0.0300959999999999
3.522448 0.0300959999999999
3.52488 0.0300959999999999
3.527312 0.0300959999999999
3.528944 0.0300959999999999
3.531376 0.0300959999999999
3.533008 0.030096000000000345
3.53544 0.0300959999999999
3.537072 0.030096000000000345
3.537131 0.032570999999999906
3.538763 0.032570999999999906
3.539504 0.0300959999999999
3.540395 0.03257100000000035
3.541136 0.0300959999999999
3.542827 0.032570999999999906
3.543568 0.0300959999999999
3.545259 0.03257100000000035
3.546891 0.032570999999999906
3.549323 0.032570999999999906
3.550955 0.032570999999999906
3.553387 0.032570999999999906
3.555019 0.03257100000000035
3.557451 0.032570999999999906
3.559883 0.03257100000000035
3.561515 0.032570999999999906
3.563947 0.03257100000000035
3.565579 0.032570999999999906
3.567227 0.0300959999999999
3.568011 0.032570999999999906
3.568859 0.0300959999999999
3.569643 0.032570999999999906
3.570491 0.0300959999999999
3.572075 0.032570999999999906
3.572923 0.0300959999999999
3.573707 0.03257100000000035
3.575355 0.0300959999999999
3.576139 0.032570999999999906
3.576987 0.0300959999999999
3.579419 0.030096000000000345
3.581051 0.0300959999999999
3.583483 0.030096000000000345
3.585115 0.0300959999999999
3.587547 0.0300959999999999
3.589979 0.0300959999999999
3.591611 0.0300959999999999
3.594043 0.0300959999999999
3.595675 0.0300959999999999
3.598107 0.030096000000000345
3.599739 0.0300959999999999
3.599797 0.03257000000000021
3.601429 0.03257000000000021
3.602171 0.0300959999999999
3.603061 0.032569999999999766
3.603803 0.0300959999999999
3.605493 0.03257000000000021
3.606235 0.0300959999999999
3.607925 0.032569999999999766
3.609557 0.03257000000000021
3.611989 0.032569999999999766
3.613621 0.03257000000000021
3.616053 0.032569999999999766
3.617685 0.032569999999999766
3.620117 0.03257000000000021
3.622549 0.032569999999999766
3.624181 0.03257000000000021
3.626613 0.032569999999999766
3.628245 0.03257000000000021
3.629893 0.0300959999999999
3.630677 0.032569999999999766
3.631525 0.0300959999999999
3.632309 0.032569999999999766
3.633157 0.030096000000000345
3.634741 0.03257000000000021
3.635589 0.0300959999999999
3.636373 0.032569999999999766
3.638021 0.030096000000000345
3.638805 0.03257000000000021
3.639653 0.0300959999999999
3.642085 0.0300959999999999
3.643717 0.0300959999999999
3.646149 0.0300959999999999
3.647781 0.030096000000000345
3.650213 0.0300959999999999
3.652645 0.030096000000000345
3.654277 0.0300959999999999
3.656709 0.030096000000000345
3.658341 0.0300959999999999
3.660773 0.0300959999999999
3.662405 0.030096000000000345
3.662464 0.032570999999999906
3.664096 0.032570999999999906
3.664837 0.0300959999999999
3.665728 0.032570999999999906
3.666469 0.030096000000000345
3.66816 0.032570999999999906
3.668901 0.0300959999999999
3.670592 0.032570999999999906
3.672224 0.032570999999999906
3.674656 0.03257100000000035
3.676288 0.032570999999999906
3.67872 0.03257100000000035
3.680352 0.032570999999999906
3.682784 0.032570999999999906
3.685216 0.032570999999999906
3.686848 0.032570999999999906
3.68928 0.032570999999999906
3.690912 0.032570999999999906
3.69256 0.0300959999999999
3.693344 0.03257100000000035
3.694192 0.030096000000000345
3.694976 0.032570999999999906
3.695824 0.0300959999999999
3.697408 0.032570999999999906
3.698256 0.030096000000000345
3.69904 0.032570999999999906
3.700688 0.0300959999999999
3.701472 0.032570999999999906
3.70232 0.0300959999999999
3.704752 0.0300959999999999
3.706384 0.0300959999999999
3.708816 0.0300959999999999
3.710448 0.0300959999999999
3.71288 0.030096000000000345
3.715312 0.0300959999999999
3.716944 0.0300959999999999
3.719376 0.0300959999999999
3.721008 0.0300959999999999
3.72344 0.0300959999999999
3.725072 0.0300959999999999
3.725131 0.03257100000000035
3.726763 0.032570999999999906
3.727504 0.030096000000000345
3.728395 0.032570999999999906
3.729136 0.0300959999999999
3.730827 0.032570999999999906
3.731568 0.030096000000000345
3.733259 0.032570999999999906
3.734891 0.03257100000000035
3.737323 0.032570999999999906
3.738955 0.032570999999999906
3.741387 0.032570999999999906
3.743019 0.032570999999999906
3.745451 0.032570999999999906
3.747883 0.032570999999999906
3.749515 0.03257100000000035
3.751947 0.032570999999999906
3.753579 0.03257100000000035
3.755227 0.0300959999999999
3.756011 0.032570999999999906
3.756859 0.0300959999999999
3.757643 0.032570999999999906
3.758491 0.0300959999999999
3.760075 0.032570999999999906
3.760923 0.0300959999999999
3.761707 0.032570999999999906
3.763355 0.0300959999999999
3.764139 0.032570999999999906
3.764987 0.0300959999999999
3.767419 0.0300959999999999
3.769051 0.030096000000000345
3.771483 0.0300959999999999
3.773115 0.030096000000000345
3.775547 0.0300959999999999
3.777979 0.030096000000000345
3.779611 0.0300959999999999
3.782043 0.0300959999999999
3.783675 0.0300959999999999
3.786107 0.0300959999999999
3.787739 0.030096000000000345
3.787797 0.032569999999999766
3.789429 0.03257000000000021
3.790171 0.0300959999999999
3.791061 0.03257000000000021
3.791803 0.0300959999999999
3.793493 0.032569999999999766
3.794235 0.0300959999999999
3.795925 0.03257000000000021
3.797557 0.032569999999999766
3.799989 0.03257000000000021
3.801621 0.032569999999999766
3.804053 0.03257000000000021
3.805685 0.032569999999999766
3.808117 0.03257000000000021
3.810549 0.032569999999999766
3.812181 0.032569999999999766
3.814613 0.03257000000000021
3.816245 0.032569999999999766
3.817893 0.030096000000000345
3.818677 0.03257000000000021
3.819525 0.0300959999999999
3.820309 0.032569999999999766
3.821157 0.0300959999999999
3.822741 0.03257000000000021
3.823589 0.030096000000000345
3.824373 0.03257000000000021
3.826021 0.0300959999999999
3.826805 0.032569999999999766
3.827653 0.030096000000000345
3.830085 0.0300959999999999
3.831717 0.0300959999999999
3.834149 0.0300959999999999
3.835781 0.0300959999999999
3.838213 0.0300959999999999
3.840645 0.0300959999999999
3.842277 0.030096000000000345
3.844709 0.0300959999999999
3.846341 0.0300959999999999
3.848773 0.0300959999999999
3.850405 0.0300959999999999
3.850464 0.032570999999999906
3.852096 0.032570999999999906
3.852837 0.0300959999999999
3.853728 0.032570999999999906
3.854469 0.0300959999999999
3.85616 0.032570999999999906
3.856901 0.030096000000000345
3.858592 0.032570999999999906
3.860224 0.032570999999999906
3.862656 0.032570999999999906
3.864288 0.03257100000000035
3.86672 0.032570999999999906
3.868352 0.032570999999999906
3.870784 0.032570999999999906
3.873216 0.03257100000000035
3.874848 0.032570999999999906
3.87728 0.032570999999999906
3.878912 0.03257100000000035
3.88056 0.0300959999999999
3.881344 0.032570999999999906
3.882192 0.0300959999999999
3.882976 0.03257100000000035
3.883824 0.030096000000000345
3.885408 0.032570999999999906
3.886256 0.0300959999999999
3.88704 0.032570999999999906
3.888688 0.030096000000000345
3.889472 0.032570999999999906
3.89032 0.0300959999999999
3.892752 0.030096000000000345
3.894384 0.0300959999999999
3.896816 0.0300959999999999
3.898448 0.030096000000000345
3.90088 0.0300959999999999
3.903312 0.0300959999999999
3.904944 0.0300959999999999
3.907376 0.030096000000000345
3.909008 0.0300959999999999
3.91144 0.0300959999999999
3.913072 0.0300959999999999
3.913131 0.032570999999999906
3.914763 0.03257100000000035
3.915504 0.0300959999999999
3.916395 0.032570999999999906
3.917136 0.030096000000000345
3.918827 0.032570999999999906
3.919568 0.0300959999999999
3.921259 0.032570999999999906
3.922891 0.032570999999999906
3.925323 0.032570999999999906
3.926955 0.032570999999999906
3.929387 0.03257100000000035
3.931019 0.032570999999999906
3.933451 0.032570999999999906
3.935883 0.032570999999999906
3.937515 0.032570999999999906
3.939947 0.032570999999999906
3.941579 0.032570999999999906
3.943227 0.0300959999999999
3.944011 0.03257100000000035
3.944859 0.0300959999999999
3.945643 0.032570999999999906
3.946491 0.0300959999999999
3.948075 0.032570999999999906
3.948923 0.030096000000000345
3.949707 0.032570999999999906
3.951355 0.0300959999999999
3.952139 0.032570999999999906
3.952987 0.0300959999999999
3.955419 0.0300959999999999
3.957051 0.0300959999999999
3.959483 0.0300959999999999
3.961115 0.0300959999999999
3.963547 0.030096000000000345
3.965979 0.0300959999999999
3.967611 0.030096000000000345
3.970043 0.0300959999999999
3.971675 0.0300959999999999
3.974107 0.0300959999999999
3.975739 0.0300959999999999
3.975797 0.03257000000000021
3.977429 0.032569999999999766
3.978171 0.030096000000000345
3.979061 0.03257000000000021
3.979803 0.0300959999999999
3.981493 0.032569999999999766
3.982235 0.030096000000000345
3.983925 0.03257000000000021
3.985557 0.03257000000000021
3.987989 0.032569999999999766
3.989621 0.03257000000000021
3.992053 0.032569999999999766
3.993685 0.03257000000000021
3.996117 0.032569999999999766
3.998549 0.03257000000000021
4.000181 0.03257000000000021
4.002613 0.03257000000000021
4.004245 0.03257000000000021
4.005893 0.030096000000000345
4.006677 0.032569999999999766
4.007525 0.030096000000000345
4.008309 0.032569999999999766
4.009157 0.0300959999999999
4.010741 0.03257000000000021
4.011589 0.0300959999999999
4.012373 0.03257000000000021
4.014021 0.030095999999999457
4.014805 0.032569999999999766
4.015653 0.030096000000000345
4.018085 0.030096000000000345
4.019717 0.0300959999999999
4.022149 0.0300959999999999
4.023781 0.030095999999999457
4.026213 0.030096000000000345
4.028645 0.0300959999999999
4.030277 0.030095999999999457
4.032709 0.030095999999999457
4.034341 0.030096000000000345
4.036773 0.030096000000000345
4.038405 0.030096000000000345
4.040837 0.030095999999999457
4.042469 0.030095999999999457
4.044901 0.030096000000000345
