1.030096 40
1.092688 17254.601226993807
1.09352 33425.83249243181
1.15528 25242.842535787284
1.156112 33329.1010665312
1.156944 41309.28355196769
1.157776 49185.46365914786
1.218464 38860.10362694299
1.219296 44186.0465116279
1.220128 49465.35320367091
1.22096 54698.63358202695
1.221792 59886.48693765125
1.222624 65029.50220227706
1.223456 70128.25817128665
1.224288 75183.32372085353
1.281056 62320.688555945155
1.282688 66035.3455374675
1.28352 69922.34358229683
1.284352 73783.90283808444
1.285184 77620.27221978291
1.286016 81431.69740543915
1.286848 85218.4208886396
1.28768 88980.68202993974
1.288512 92718.71710729979
1.289344 96432.75936554953
1.290176 100123.03906490307
1.291808 103472.51941064981
1.29264 107105.85654214147
1.293472 110716.23838162929
1.294304 114303.88179010477
1.295136 117869.00090552362
1.343648 102949.43103536253
1.34448 105985.0374064838
1.345312 109004.61905487026
1.346944 111725.49613694895
1.347776 114706.62301687225
1.348608 117672.17561661723
1.34944 120622.27566511346
1.350272 123557.04362600569
1.351104 126476.59871405066
1.351936 129381.0589112602
1.352768 132270.54098279364
1.3536 135145.16049260597
1.354432 138005.03181885445
1.356064 140504.58940754918
1.356896 143329.25336597298
1.357728 146139.57122625379
1.35856 148935.65200448144
1.359392 151717.6036149847
1.360224 154485.5328842145
1.361056 157239.5455644186
1.40624 141116.1682759794
1.407072 143563.51597979706
1.407904 146000.08469910637
1.409536 148113.00864431795
1.411168 150207.83473989164
1.412 152603.7957182957
1.412832 154989.33991053878
1.413664 157364.5351019897
1.414496 159729.44849115502
1.415328 162084.14669601695
1.41616 164428.69576028836
1.416992 166763.16115958805
1.417824 169087.60780753515
1.419456 171049.92808711727
1.420288 173350.55562389793
1.42112 175641.39285568148
1.421952 177922.50214364452
1.422784 180193.9453204579
1.423616 182455.7836958731
1.424448 184708.07806223878
1.468832 168392.83760621422
1.469664 170440.06843082292
1.470496 172479.5640326975
1.472128 174195.53335505113
1.474464 175620.20667554816
1.475296 177628.03234501346
1.476128 179628.3674713921
1.47696 181621.2538938021
1.477792 183606.7331403452
1.478624 185584.84643099204
1.479456 187555.6346804343
1.480288 189519.1385009062
1.48112 191475.39820497352
1.482752 193082.6057756883
1.483584 195021.6984793423
1.484416 196953.68902975874
1.485248 198878.6163743101
1.48608 200796.51917611138
1.486912 202707.43581660884
1.487744 204611.40439814003
1.531424 188858.39211055436
1.532256 190616.5365620519
1.533088 192368.86471355404
1.53472 193807.66669837336
1.537056 194966.07227394663
1.538688 196385.31475131336
1.53952 198106.09629699422
1.540352 199821.2661879527
1.541184 201530.8518298218
1.542016 203234.88045007025
1.542848 204933.37909944766
1.54368 206626.374653416
1.544512 208313.89381356715
1.545344 209995.96310902704
1.546976 211344.99303513387
1.547808 213014.1854930926
1.54864 214678.02153722727
1.549472 216336.5269092141
1.550304 217989.72718604867
1.551136 219637.64778136028
1.594464 204618.263260851
1.595296 206157.11252653922
1.596128 207691.43793990443
1.597312 209091.42196270902
1.599648 210059.83650307608
1.60128 211280.42802319388
1.602912 212494.06441160862
1.603744 213998.82854991208
1.604576 215499.2340899596
1.605408 216995.2999415969
1.60624 218487.0449054403
1.607072 219974.487673664
1.607904 221457.64683078113
1.608736 222936.54085441722
1.609568 224411.188116078
1.6112 225570.63795809355
1.612032 227035.27535674025
1.612864 228495.7307196002
1.613696 229952.02193283066
1.614528 231404.16678073752
1.657056 217366.33916039293
1.658688 218456.48687861123
1.65952 219820.02592846786
1.660352 221179.96496661668
1.66224 222164.57009795235
1.663872 223233.44525510585
1.665504 224296.82975348117
1.667136 225354.765791787
1.667968 226691.2484009331
1.6688 228024.24910443643
1.669632 229353.78149158135
1.670464 230679.85908102838
1.671296 232002.4953212726
1.672128 233321.7035910982
1.67296 234637.49720002981
1.674592 235657.0095082048
1.675424 236964.76830387022
1.676256 238269.15934133957
1.677088 239570.19561292874
1.67792 240867.89004420946
1.719648 227800.07889180217
1.72128 228766.86960346304
1.722912 229729.10556338186
1.723744 230952.87523354785
1.724832 232088.16010686074
1.726464 233037.70420237572
1.728096 233982.80802292257
1.730464 234676.62714458682
1.731296 235881.34626354818
1.732128 237083.20988217063
1.73296 238282.22814086362
1.733792 239478.41113207972
1.734624 240671.76890059726
1.735456 241862.31144380168
1.736288 243050.04871196498
1.737184 244212.88439345593
1.738816 245117.95913760018
1.739648 246296.25453807466
1.74048 247471.789905178
1.741312 248644.5749251985
1.78224 236497.26648088658
1.783872 237364.94661544013
1.785504 238228.87763963314
1.787136 239089.08380006335
1.787968 240198.87263284563
1.789056 241224.8339833456
1.790688 242074.5945263689
1.793056 242686.37936458003
1.794688 243528.57471697318
1.79552 244622.58826480483
1.796352 245714.2260549999
1.797184 246803.4958179505
1.798016 247890.40525054687
1.798848 248974.96201635894
1.79968 250057.1737458159
1.800512 251137.04803638553
1.801408 252193.66482046177
1.80304 253006.68612473863
1.803872 254078.69977874734
1.804704 255148.41055088502
1.844832 243858.13318670093
1.846464 244644.5720557395
1.848096 245427.8728606357
1.850464 245987.16673492864
1.851296 247004.38382854356
1.852128 248019.54181832334
1.85328 248935.8393749149
1.855648 249481.5590053685
1.85728 250246.61985725057
1.858912 251008.66778633618
1.859744 252010.49119626632
1.860576 253010.30729216835
1.861408 254008.1221009681
1.86224 255003.9416254879
1.863072 255997.7718445669
1.863904 256989.61871318094
1.864736 257979.4881625611
1.865632 258947.54983627275
1.867264 259685.03335053413
1.868096 260668.25775656322
1.907424 250168.69403461416
1.909056 250887.4123964685
1.910688 251603.46675872593
1.913056 252106.55069312308
1.914688 252817.1179481614
1.91552 253754.1336128228
1.916352 254689.38997310027
1.91824 255318.95728620584
1.919872 256019.49254643862
1.921504 256717.46271067788
1.923136 257412.88184179878
1.923968 258336.76410045286
1.9248 259258.92809241934
1.925632 260179.37860677848
1.926464 261098.1204148296
1.927296 262015.15827017388
1.928128 262930.4969087961
1.92896 263844.1410491464
1.930592 264520.88626712386
1.931424 265430.5646778975
1.970464 255516.98909363142
1.971648 256300.23620575387
1.97328 256959.40558788105
1.975648 257415.7740663654
1.97728 258070.23767293367
1.978912 258722.44987436972
1.979744 259590.9221100871
1.980832 260387.74170747714
1.982464 261033.55005628074
1.984096 261677.14884696013
1.986464 262116.67475281478
1.987296 262975.344755537
1.988128 263832.52333951264
1.98896 264688.2143870246
1.989792 265542.42176689283
1.990624 266395.1493345327
1.991456 267246.400932013
1.992288 268096.1803881138
1.993184 268926.6193743458
1.994816 269549.71390662575
2.033056 260309.4839275743
2.034688 260921.846879131
2.035872 261648.7170105471
2.03824 262065.73664079732
2.039872 262672.1173804884
2.041504 263276.5412177874
2.043136 263879.01761036087
2.043968 264688.2446699386
2.045056 265429.1794750531
2.046688 266026.0950312416
2.049056 266428.5153489832
2.050688 267021.4934077476
2.05152 267822.17766569025
2.052352 268621.55859197694
2.053184 269419.6393663106
2.054016 270216.42315805925
2.054848 271011.9131262979
2.05568 271806.1124198505
2.056512 272599.02417733154
2.057408 273373.6196987867
2.095648 264538.94319563935
2.09728 265108.9221727462
2.098912 265677.16052154906
2.100832 266172.05361545697
2.102464 266736.7918475747
2.104096 267299.8137802606
2.106464 267677.9688730992
2.107296 268436.6877088749
2.108128 269194.23542158306
2.10928 269870.5688742605
2.111648 270241.28289716993
2.11328 270794.2510229102
2.114912 271345.55537528946
2.115744 272095.5595183706
2.116576 272844.41499153234
2.117408 273592.1244316258
2.11824 274338.6904674381
2.119072 275084.11571972194
2.119904 275828.40280122735
2.120736 276571.55431673146
2.15824 268299.0823866456
2.159872 268832.05166333856
2.161504 269363.48337646545
2.163424 269824.7991755255
2.165056 270353.14019877353
2.166688 270879.96396244207
2.169056 271229.8939383297
2.170688 271753.61566625047
2.17152 272466.67320820305
2.172352 273178.69199198775
2.17424 273636.884867639
2.175872 274154.80861878756
2.177504 274671.2590464769
2.179136 275186.24242846196
2.179968 275891.5774973214
2.1808 276595.89260139875
2.181632 277299.18995150825
2.182464 278001.4717520792
2.183296 278702.74020117935
2.184128 279402.9974905375
2.220832 271663.9120678303
2.222464 272164.2982703326
2.224096 272663.31658291456
2.226464 272992.92525376804
2.227648 273591.4599115529
2.22928 274086.3787375415
2.231648 274411.76078937907
2.23328 274903.921594702
2.234912 275394.74907371745
2.235744 276067.3098615848
2.236832 276680.23494782613
2.238464 277167.22058180947
2.240096 277652.8925619835
2.242464 277968.40563261317
2.243296 278635.0148367952
2.244128 279300.7103601882
2.24496 279965.4940799958
2.245792 280629.3678682829
2.246624 281292.3335919929
2.247456 281954.3931129657
2.283424 274692.6582666309
2.285056 275164.14865812456
2.286688 275634.41435247083
2.289056 275942.04740420665
2.290688 276409.81380176934
2.291872 276974.6769632644
2.29424 277278.53788808873
2.295872 277742.665368912
2.297504 278205.59756605607
2.299136 278667.3390909664
2.299968 279303.7408494715
2.301056 279882.9231447095
2.302688 280341.2248387543
2.305056 280636.2552550668
2.306688 281092.15787032974
2.30752 281723.21797617705
2.308352 282353.4565845964
2.309184 282982.87529865024
2.310016 283611.4757172323
2.310848 284239.25943508185
2.346464 277338.85965018894
2.347648 277878.975554665
2.34928 278323.5697218887
2.351648 278611.8139884015
2.35328 279054.1602679597
2.354912 279495.4167220202
2.356832 279874.8206123901
2.358464 280313.88892234676
2.360096 280751.8796992481
2.362464 281033.4682309992
2.363296 281638.1638163816
2.364128 282242.10513690824
2.36528 282777.5048233053
2.367648 283054.4158283192
2.36928 283486.0631548764
2.370912 283916.6597057314
2.371744 284515.75972237124
2.372576 285114.1171563077
2.373408 285711.7333873292
2.37424 286308.609791808
2.409056 279834.0778557753
2.410688 280256.5855806784
2.411872 280769.0971619134
2.41424 281040.1229929834
2.415872 281459.62983916595
2.417504 281878.14975839836
2.419424 282237.1678969977
2.421056 282653.70679243107
2.422688 283069.26939117844
2.425056 283334.28915524454
2.426688 283747.86623437627
2.42752 284323.1546044722
2.428352 284897.75835040223
2.43024 285256.3736301409
2.431872 285666.1834701122
2.433504 286075.04018788546
2.435136 286482.94710470876
2.435968 287053.15988937824
2.4368 287622.69816535676
2.437632 288191.56312875834
2.471648 282112.6119626624
2.47328 282514.2185611814
2.474912 282914.9178857377
2.476832 283258.3138872607
2.478464 283657.1920948268
2.480096 284055.17241379304
2.482464 284308.1092395316
2.483648 284792.0129448413
2.48528 285187.30277408217
2.487648 285437.5006860818
2.48928 285830.9849888705
2.490912 286223.5901030657
2.491744 286772.1913894453
2.492832 287269.8832872097
2.494464 287659.9324759897
2.496096 288049.1132332878
2.498464 288292.85301777214
2.499296 288837.462564661
2.500128 289381.4556417819
2.50096 289924.83329526044
2.53424 284201.512621132
2.535872 284584.1612563887
2.537504 284965.9813401547
2.539424 285292.527535433
2.541056 285672.68491555034
2.542688 286052.021959656
2.545056 286291.387231346
2.546688 286669.0579931847
2.547872 287130.643784063
2.55024 287367.5125514425
2.551872 287742.74269011995
2.553504 288117.1688739982
2.555136 288490.79368410003
2.555968 289015.06810531946
2.557056 289490.2289516424
2.558688 289861.5196206705
2.561056 290092.4909860479
2.562688 290462.1712758516
2.56352 290982.7940608729
2.564352 291502.8521967651
2.596832 286123.5077256155
2.598464 286488.88526162226
2.600096 286853.5031847133
2.602464 287082.9220640461
2.603648 287527.8351144417
2.60528 287890.17663968145
2.607648 288117.28551578644
2.60928 288478.10008206766
2.610912 288838.1696541533
2.612832 289144.87318162975
2.614464 289503.4486937378
2.616096 289861.2862547288
2.618464 290083.9100258882
2.619296 290586.45859551977
2.620128 291088.4812381135
2.62128 291531.33767056477
2.623648 291750.75554484566
2.62528 292104.2337435681
2.626912 292456.9894089238
2.627744 292955.64479785284
2.659424 287897.83272613003
2.661056 288247.4125668318
2.662688 288596.29350137693
2.665056 288814.4052453883
2.666688 289161.8680770772
2.667872 289587.83130293764
2.67024 289803.82210342505
2.671872 290149.2042763446
2.673504 290493.9004799782
2.675424 290787.00417181256
2.677056 291130.3249623549
2.678688 291472.9660219144
2.681056 291684.8379124873
2.682688 292026.1020263924
2.68352 292508.15277871856
2.684352 292989.71864088747
2.68624 293283.6758156295
2.687872 293622.2987906689
2.689504 293960.25570564927
2.691136 294297.54852381634
2.722464 289464.2300019854
2.723648 289875.9530265383
2.72528 290210.3842414746
2.727648 290418.20221118414
2.72928 290751.3253420465
2.730912 291083.8091833567
2.732832 291366.36566091276
2.734464 291697.567661444
2.736096 292028.13599062135
2.738464 292232.1186067639
2.739648 292638.07126077474
2.74128 292966.741157
2.743648 293168.80958383525
2.74528 293496.2079870148
2.746912 293822.9839423677
2.747744 294286.1401171835
2.748832 294704.94596028706
2.750464 295029.9005794109
2.752096 295354.23925667827
2.754464 295551.7615729357
2.785056 290992.3872908784
2.786688 291314.09001065703
2.787872 291709.5238528686
2.79024 291907.93480533414
2.791872 292227.8428131612
2.793504 292547.15868363983
2.795424 292818.1051906501
2.797056 293136.2339837914
2.798688 293453.7756588292
2.801056 293648.6425441568
2.802688 293964.99589301995
2.803872 294355.09331505216
2.80624 294548.18978641374
2.807872 294862.7948627948
2.809504 295176.8228534434
2.811136 295490.2753447424
2.811968 295935.95948530536
2.813056 296338.6727688787
2.814688 296650.43886781967
2.817056 296839.3248869588
2.847648 292415.2926573765
2.84928 292724.65017282474
2.850912 293033.4531331007
2.852832 293295.35379780724
2.854464 293603.044999693
2.856096 293910.18619934283
2.858464 294098.3434407078
2.859648 294476.46199725394
2.86128 294781.95528139174
2.863648 294968.45467158826
2.86528 295272.84457580274
2.866912 295576.6935828085
2.868832 295833.6596444514
2.870464 296136.42488893523
2.872096 296438.6536373507
2.874464 296621.93228249456
2.875296 297051.81010188593
2.876128 297481.3004324952
2.87728 297858.7947925058
2.879648 298039.74151578324
2.91024 293743.45794790186
2.911872 294041.37368103326
2.913504 294338.77311766753
2.915424 294590.64947849925
2.917056 294887.0140331538
2.918688 295182.8663893525
2.921056 295363.2017599526
2.922688 295658.018209947
2.923872 296022.33843918185
2.92624 296201.1324034461
2.927872 296494.4229455953
2.929504 296787.20948843006
2.931424 297034.49378539633
2.933056 297326.2706520368
2.934688 297617.5474852357
2.937056 297793.34647816414
2.938688 298083.61347003444
2.93952 298498.39532759617
2.940352 298912.8158738933
2.94224 299161.56942154985
2.972832 294986.0403060426
2.974464 295273.32274548843
2.976096 295560.1233299075
2.978464 295734.68667110114
2.979648 296088.53726394573
2.98128 296373.8940048709
2.983648 296547.00770698703
2.98528 296831.39796561346
2.986912 297115.31385679595
2.988832 297355.0289574501
2.990464 297637.99449899205
2.992096 297920.4892966361
2.994464 298090.7854332793
2.995648 298440.3363533501
2.99728 298721.42107703193
2.999648 298890.3060188306
3.00128 299170.44781207637
3.002912 299450.12611414347
3.003744 299850.8345966454
3.004832 300212.28154041857
3.035424 296151.05359322764
3.037056 296428.4290668473
3.038688 296705.35380007484
3.041056 296873.1352189998
3.042688 297149.1489581594
3.043872 297490.8827992786
3.04624 297657.3101921291
3.047872 297931.9805568111
3.049504 298206.2069675865
3.051424 298437.46289568045
3.053056 298710.8000158184
3.054688 298983.69646822667
3.057056 299147.4918103958
3.058688 299419.49884451873
3.059872 299757.214589196
3.06224 299919.69073057815
3.063872 300190.38478180487
3.065504 300460.64474542695
3.067136 300730.47166476847
3.067968 301118.0290028029
3.098464 297181.15925212536
3.099648 297513.66479315324
3.10128 297781.3656343425
3.103648 297942.85361543857
3.10528 298209.7009229061
3.106912 298476.12884338334
3.108832 298700.7489166493
3.110464 298966.336725041
3.112096 299231.5081652257
3.114464 299390.51069676754
3.115648 299719.21102902247
3.11728 299983.1351715996
3.119648 300140.89144467324
3.12128 300403.98166780156
3.122912 300666.66156986565
3.124832 300887.558145752
3.126464 301149.4165146577
3.128096 301410.8674928503
3.130464 301566.20173226786
3.131296 301941.7475728155
3.161056 298213.0119758231
3.162688 298472.4691830411
3.163872 298794.25019308494
3.16624 298949.8835284512
3.167872 299208.1490296457
3.169504 299466.0205066074
3.171424 299683.187255759
3.173056 299940.26953372906
3.174688 300196.96054074616
3.177056 300350.26269702276
3.178688 300606.1644090641
3.179872 300924.3753767834
3.18224 301076.5078916652
3.183872 301331.243360498
3.185504 301585.5930756497
3.187424 301799.2627917498
3.189056 302052.84025641973
3.190688 302306.03464235726
3.193056 302455.893775197
3.194688 302708.31639403634
3.223648 299185.9778113307
3.22528 299437.3136830443
3.226912 299688.276123262
3.228832 299899.57866701594
3.230464 300149.79312551353
3.232096 300399.63669391465
3.234464 300548.7287059148
3.235648 300858.9232990199
3.23728 301107.6557278414
3.239648 301255.6391521901
3.24128 301503.6288251
3.242912 301751.25270243885
3.244832 301959.2402886845
3.246464 302206.1318337027
3.248096 302452.6600541028
3.250464 302598.4881785362
3.251648 302905.3562554466
3.25328 303150.796335346
3.255648 303295.54195992724
3.25728 303540.2553179261
3.28624 300104.95783957053
3.287872 300348.6616918596
3.289504 300592.01348317787
3.291424 300796.69999221695
3.293056 301039.34669636225
3.294688 301281.6436691466
3.297056 301425.69785086636
3.298688 301667.2896668947
3.299872 301968.1237267466
3.30224 302111.1338013788
3.303872 302351.6828394705
3.305504 302591.8868176608
3.307424 302793.4491649863
3.309056 303032.96240390354
3.310688 303272.13284971623
3.313056 303413.1128009251
3.314688 303651.5929321297
3.315872 303949.293369079
3.31824 304089.25312392926
3.319872 304326.7114337821
3.348832 300974.3239420098
3.350464 301210.8424180992
3.352096 301447.0284237726
3.354464 301587.3562189808
3.355648 301881.0157760394
3.35728 302116.2056803416
3.359648 302255.54097955313
3.36128 302490.0651342837
3.362912 302724.2611504722
3.364832 302920.758492609
3.366464 303154.29761065036
3.368096 303387.51069289993
3.370464 303524.9157397469
3.371648 303815.5889768837
3.37328 304047.82552287827
3.375648 304184.2602508919
3.37728 304415.8446887845
3.378912 304647.1073085333
3.380832 304840.6967009481
3.382464 305071.31537242467
3.411424 301797.988349358
3.413056 302027.7302178803
3.414688 302257.15761857794
3.417056 302393.0019774106
3.418688 302621.7956017604
3.419872 302907.05070266
3.42224 303041.9573403608
3.423872 303269.8130485058
3.425504 303497.35827884014
3.427424 303688.1060914485
3.429056 303915.02984626667
3.430688 304141.645060885
3.433056 304274.7278356693
3.434688 304500.7219519985
3.435872 304783.15520646976
3.43824 304915.3206784976
3.439872 305140.3947918811
3.441504 305365.164252586
3.443424 305553.1614434507
3.445056 305777.32136350084
3.474464 302524.0062052849
3.475648 302802.80280280276
3.47728 303025.8452163793
3.479648 303157.4753261004
3.48128 303379.91762348317
3.482912 303602.0639134774
3.484832 303788.2688810528
3.486464 304009.82263243943
3.488096 304231.08218063466
3.490464 304360.97364296723
3.491648 304637.07449609024
3.49328 304857.452792808
3.495648 304986.46956138016
3.49728 305206.2594439653
3.498912 305425.7587442726
3.500832 305609.34069848014
3.502464 305828.2585763932
3.504096 306046.8876313662
3.506464 306174.2035109483
3.507648 306447.6547818169
3.537056 303267.7027156396
3.538688 303484.9828110749
3.539872 303756.19178763364
3.54224 303883.8537918208
3.543872 304100.28578520915
3.545504 304316.4369358768
3.547424 304497.4671556507
3.549056 304713.0561819163
3.550688 304928.3660346458
3.553056 305054.3805688556
3.554688 305269.1286354389
3.555872 305537.7832396855
3.55824 305662.9685650817
3.559872 305876.8839612677
3.561504 306090.5235347285
3.563424 306269.06582961226
3.565056 306482.1535645533
3.566688 306694.9671054706
3.569056 306818.5398745943
3.570688 307030.8022697072
3.599648 303975.1676556847
3.60128 304186.70931368583
3.602912 304397.9825996107
3.604832 304574.91564183665
3.606464 304785.65173919254
3.608096 304996.12102404964
3.610464 305119.26980957756
3.611648 305382.1886988912
3.61328 305591.85872938205
3.615648 305714.2149916149
3.61728 305923.35141219175
3.618912 306132.22415189026
3.620832 306306.7792318476
3.622464 306515.1243959191
3.624096 306723.2074016962
3.626464 306844.0221108872
3.627648 307104.5353471268
3.62928 307311.83325228223
3.631648 307431.87143674237
3.63328 307638.6455970842
3.66224 304648.98576977546
3.663872 304855.08258864837
3.665504 305060.92415292055
3.667424 305233.1753957035
3.669056 305438.506078152
3.670688 305643.5829541254
3.673056 305763.2351605775
3.674688 305967.8014604899
3.675872 306223.95849081705
3.67824 306342.8574881124
3.679872 306546.6665861567
3.681504 306750.2247862268
3.683424 306920.21491500485
3.685056 307123.2711603941
3.686688 307326.0779223908
3.689056 307443.5117489545
3.690688 307645.81717151665
3.691872 307899.6880278431
3.69424 308016.3834987898
3.695872 308217.944793561
3.724832 305291.50165359426
3.726464 305492.4253662705
3.728096 305693.10600444773
3.730464 305810.1710581669
3.731648 306061.108577588
3.73328 306261.06103025173
3.735648 306377.404684885
3.73728 306576.8710216963
3.738912 306776.0970106497
3.740832 306942.46876125154
3.742464 307141.2138765831
3.744096 307339.7199705232
3.746464 307454.6600460615
3.747648 307703.40365152166
3.74928 307901.19388757803
3.751648 308015.42649194284
3.75328 308212.7392052832
3.754912 308409.8155618581
3.756832 308574.0607084807
3.758464 308770.6643678565
3.787424 305904.84701130947
3.789056 306100.84959549975
3.790688 306296.6204350371
3.793056 306410.5162579263
3.794688 306605.8210397773
3.795872 306850.590937227
3.79824 306963.7995711206
3.799872 307158.4128102778
3.801504 307352.79684550234
3.803424 307515.01445195085
3.805056 307708.93994868395
3.806688 307902.6374778866
3.809056 308014.50902495894
3.810688 308207.7485657731
3.811872 308450.42879081564
3.81424 308561.6261227868
3.815872 308754.18554829963
3.817504 308946.5194905087
3.819424 309106.7095730584
3.821056 309298.59259896236
3.850464 306442.2798726974
3.851648 306682.27982330293
3.85328 306873.3741761076
3.855648 306984.263605837
3.85728 307174.9132705901
3.858912 307365.34295620496
3.860832 307524.26224133937
3.862464 307714.2518203849
3.864096 307904.02258292167
3.866464 308013.62869698147
3.867648 308251.6197060001
3.86928 308440.7350844468
3.871648 308549.6939700558
3.87328 308738.3721911772
3.874912 308926.83393231756
3.876832 309083.80685809994
3.878464 309271.83566168416
3.880096 309459.649122807
3.882464 309567.34895357117
3.883648 309803.3608639338
3.913056 307003.9126453367
3.914688 307190.7569597364
3.915872 307425.1085323324
3.91824 307533.1423917921
3.919872 307719.35264186567
3.921504 307905.35268630367
3.923424 308060.4756875128
3.925056 308246.05521319807
3.926688 308431.42562017706
3.929056 308538.2344013025
3.930688 308723.1847843475
3.931872 308955.61890373344
3.93424 309061.8096072371
3.935872 309246.13597194
3.937504 309430.25540275045
3.939424 309583.5189432061
3.941056 309767.2245582213
3.942688 309950.72430330096
3.945056 310055.7125998298
3.946688 310238.7992561181
3.975648 307541.67639885494
3.97728 307724.25474622555
3.978912 307906.6310003744
3.980832 308058.7351765797
3.982464 308240.7071205216
3.984096 308422.4779959377
3.986464 308527.2198860223
3.987648 308755.34901837737
3.98928 308936.51763459115
3.991648 309040.6651647514
3.99328 309221.4320811667
3.994912 309401.9999892068
3.996832 309552.3160807028
3.998464 309732.48599904054
4.000096 309912.4579124579
4.002464 310015.44896190515
4.003648 310241.7580052409
4.00528 310421.1369784188
4.007648 310523.54417320003
4.00928 310702.5279405367
