1.030197 40
1.093131 17160.835160644474
1.093963 33246.55772668821
1.155723 25174.067523859594
1.157355 33029.77398197521
1.158187 40940.69849206968
1.159019 48749.43720793033
1.218464 38880.95098981766
1.219296 44209.64679876681
1.220128 49491.657496669824
1.22176 54499.042090591625
1.222592 59668.910314717155
1.223424 64794.25753129737
1.225056 69588.77957908029
1.225888 74607.41679484492
1.281056 62345.779900262714
1.282688 66061.76061721011
1.28352 69950.22165377799
1.284352 73813.22421357049
1.285984 77408.15600480087
1.286816 81209.88703096811
1.287648 84987.04607867132
1.28848 88739.8706070473
1.290112 92183.98322528522
1.290944 95878.38019229365
1.291776 99549.27574461252
1.293408 102883.23816253885
1.29424 106497.80528171547
1.295072 110089.66493629072
1.296704 113317.84906212593
1.297536 116855.37837726632
1.343797 102933.6734693878
1.344629 105968.85813148787
1.345461 108988.0227365002
1.347093 111708.57315964857
1.347925 114689.2939873099
1.348757 117654.44500251132
1.350389 120302.81830901458
1.351221 123230.66188197768
1.352053 126143.36846291512
1.353685 128721.93095261649
1.354517 131598.4213122842
1.355349 134460.19092609
1.356181 137307.35250809853
1.357813 139797.8120726705
1.358645 142610.09353078718
1.359477 145408.16326530612
1.361109 147833.86519678953
1.361941 150598.05150959775
1.363573 152980.41850643122
1.364405 155711.4132516277
1.406389 141098.16264035393
1.408021 143241.2975353604
1.408853 145673.11755260717
1.410485 147782.73308650288
1.411317 150188.91687657434
1.412149 152584.61796246647
1.413781 154646.70059230836
1.414613 157017.39781902943
1.415445 159377.85530359662
1.417077 161393.7138130687
1.417909 163729.77880488607
1.419541 165714.63795512455
1.420373 168026.73665217744
1.422005 169981.21528912123
1.422837 172269.7636511818
1.423669 174548.6337020169
1.425301 176459.8687940391
1.426133 178715.75204073382
1.427765 180598.03605924023
1.428597 182831.3253012049
1.469131 168316.87679696723
1.470613 170111.89420911143
1.472245 171836.54263790356
1.473077 173861.9942196532
1.474709 175563.3143762148
1.475541 177570.59711144643
1.477173 179248.99770904923
1.478005 181238.38788052023
1.478837 183220.39942938663
1.480469 184866.03652903135
1.481301 186830.5313187203
1.482933 188454.19847328242
1.483765 190401.4392549739
1.485397 192003.51493848854
1.486229 193933.75903445372
1.487061 195856.97275337958
1.488693 197428.11278615298
1.489525 199334.68022850776
1.491157 200885.10933703574
1.491989 202775.27544868685
1.531723 188783.83174551273
1.533355 190238.45392500964
1.534837 191740.6467977172
1.536469 193176.79034195055
1.537301 194910.70865147977
1.538933 196329.72700968673
1.539765 198050.11303692538
1.541397 199452.26917057906
1.542229 201159.302543591
1.543861 202544.85422377277
1.544693 204238.7112824978
1.545525 205927.09885742672
1.547157 207288.76508820805
1.547989 208964.21729188552
1.549621 210309.88171513064
1.550453 211972.56735145772
1.552085 213302.47102826665
1.552917 214952.55586164675
1.554549 216266.93518857565
1.555381 217904.58201316115
1.594464 204654.8885545318
1.595947 205956.69465311535
1.597579 207197.2674494432
1.599797 208216.2921348315
1.600629 209735.77919892292
1.601525 211227.17598297299
1.603157 212440.65903378947
1.603989 213945.1229713903
1.605621 215145.7012568124
1.606453 216639.82674366952
1.608085 217827.67595104934
1.608917 219311.58418578937
1.610549 220486.87692986327
1.611381 221960.68714899244
1.612213 223430.28370354086
1.613845 224587.4225560612
1.614677 226047.0845880099
1.616309 227192.07250491375
1.617141 228641.914731218
1.618773 229774.91436959713
1.657056 217401.36139067955
1.658688 218491.5933561499
1.660171 219628.11163635322
1.662389 220502.63211176355
1.664021 221575.7055586409
1.664853 222923.91468764184
1.666485 223986.6224099779
1.667317 225326.46911099952
1.668213 226640.0842612098
1.669845 227687.7282505378
1.670677 229015.73819635276
1.672309 230053.32403069868
1.673141 231373.18335655984
1.674773 232400.83403663803
1.675605 233712.62829094156
1.677237 234730.46488625123
1.678069 236034.2783759755
1.678901 237334.74743488556
1.680533 238338.3358756089
1.681365 239630.94009533638
1.719797 227784.22273781901
1.72128 228800.30329207928
1.722912 229762.60078098497
1.725131 230525.4887514498
1.726613 231528.28194642285
1.728245 232476.8497295315
1.729077 233688.18681318683
1.730709 234628.38609474213
1.731541 235832.9150887439
1.733173 236764.8397669337
1.734005 237962.62617077384
1.734901 239135.86413586413
1.736533 240055.72418792188
1.737365 241243.94768994072
1.738997 242155.75620767497
1.739829 243337.39177489176
1.741461 244241.23813380126
1.742293 245416.3483575248
1.743925 246312.32065997133
1.744757 247480.96730855358
1.782389 236482.17476389007
1.784021 237349.8323216029
1.785504 238260.73371490004
1.787723 238935.69329633572
1.789355 239791.98006212147
1.790837 240692.0488010097
1.792469 241541.0772007892
1.793301 242640.5837212228
1.794933 243482.71821909788
1.795765 244576.5758234409
1.797397 245411.88738269033
1.798229 246500.1458272572
1.799861 247328.70447364048
1.800693 248411.4129080488
1.801589 249471.08603667133
1.803221 250289.77108084614
1.804053 251364.5949634041
1.805685 252176.69390113067
1.806517 253246.0840890355
1.808149 254051.66385586772
1.845131 243798.8843268289
1.846613 244630.18853133696
1.848245 245413.47207009862
1.850464 246017.45529199636
1.851947 246839.06297535746
1.853579 247612.89413662188
1.855797 248207.3643410853
1.856629 249215.90645086346
1.857525 250203.063355767
1.859157 250965.0646593322
1.859989 251966.75793451857
1.861621 252723.03902701873
1.862453 253720.0092279299
1.864085 254470.62435243104
1.864917 255462.90971822888
1.866549 256207.91245791246
1.867381 257195.55079886861
1.868277 258161.51202749144
1.869909 258898.2889371594
1.870741 259879.31625233183
1.907723 250112.24738640222
1.909355 250830.90866488166
1.910837 251589.7529069768
1.913056 252135.39194820463
1.914688 252845.98712705955
1.916171 253596.60667243056
1.918389 254134.24124513622
1.920021 254836.91156902938
1.920853 255766.5361261812
1.922485 256464.28059101995
1.923317 257389.82443568617
1.924213 258295.15355429883
1.925845 258985.67294294186
1.926677 259905.40781724078
1.928309 260591.10667711822
1.929141 261506.83468603162
1.930773 262187.7553921046
1.931605 263099.5065497533
1.933237 263775.69099929126
1.934069 264683.4950081427
1.970464 255544.43578260217
1.971947 256246.3498805416
1.973579 256905.47413454996
1.975797 257402.70727580372
1.97728 258097.7591193169
1.978912 258749.9934121417
1.981131 259239.86312404438
1.982613 259928.4346336055
1.984245 260573.89146038773
1.985077 261435.99195710456
1.986709 262077.21387708673
1.987541 262935.7890162784
1.989173 263572.8109983983
1.990005 264427.8855771154
1.990901 265263.8065418693
1.992533 265894.65633624844
1.993365 266744.7423502442
1.994997 267371.47595356556
1.995829 268218.1203605514
1.997461 268840.7714956827
2.033056 260335.7002330337
2.034688 260948.08216300592
2.036171 261597.21821836353
2.038389 262053.25969656574
2.040021 262659.63177741866
2.041504 263302.8348463918
2.043723 263752.4839027317
2.045355 264352.9381633204
2.046837 264990.5571293673
2.048469 265587.1908488106
2.049301 266390.8688416492
2.050933 266983.8234372061
2.051765 267784.42551058764
2.053397 268373.72947615327
2.054229 269171.2758976282
2.055861 269756.9574441532
2.056693 270551.4682960284
2.057589 271327.78919828066
2.059221 271908.13819697115
2.060053 272698.3189882858
2.095797 264527.027027027
2.09728 265134.0148798172
2.098912 265702.26861230546
2.101131 266122.8423040075
2.102613 266724.8530421031
2.104245 267287.86795375997
2.106464 267703.088545872
2.107947 268299.6984458363
2.109579 268857.54996840784
2.111797 269267.7514792899
2.112629 270021.581032342
2.113525 270758.2560406451
2.115157 271309.54136558034
2.115989 272059.4736376765
2.117621 272607.55694191036
2.118453 273354.7988708539
2.120085 273899.70345576794
2.120917 274644.2716737568
2.122549 275186.0206233889
2.123381 275927.9316199285
2.158389 268287.66734740185
2.160021 268820.6304698785
2.161504 269387.5314127819
2.163723 269777.66720833926
2.165355 270305.9838366113
2.166837 270868.52477477473
2.169056 271253.948030441
2.170688 271777.6817177864
2.172171 272335.4472168368
2.174389 272716.4671663497
2.176021 273235.6801742676
2.176853 273944.408785198
2.178485 274460.7624568053
2.179317 275167.08437761065
2.180213 275857.0315543435
2.181845 276369.16835699795
2.182677 277072.05331112037
2.184309 277581.3785837077
2.185141 278281.89072370616
2.186773 278788.4237611709
2.221131 271618.7462949248
2.222613 272153.34245766577
2.224245 272652.35568419367
2.226464 273015.9738586787
2.227947 273546.23251930706
2.229579 274041.13118255895
2.231797 274400.7989347537
2.23328 274927.00004904065
2.234912 275417.8374138282
2.237131 275773.15743860055
2.238613 276295.5803299526
2.240245 276782.4086317237
2.241077 277451.109936575
2.242709 277935.39362909395
2.243541 278601.9463565156
2.245173 279083.7020648968
2.246005 279748.11812391435
2.246901 280396.8754931356
2.248533 280874.89822183695
2.249365 281536.26079424657
2.283723 274649.26934104273
2.285355 275120.7417711555
2.286837 275623.8859180036
2.289056 275964.1866166108
2.290688 276431.96183074696
2.292171 276931.22045303625
2.294389 277268.0099225435
2.296021 277732.133377152
2.297504 278227.76959331875
2.299723 278560.659647774
2.301355 279021.1759671103
2.302837 279513.4523510184
2.304469 279971.62301298307
2.305301 280604.5624513765
2.306933 281060.4541581032
2.307765 281691.4637811843
2.309397 282145.090681676
2.310229 282774.18064548384
2.311861 283225.556776191
2.312693 283852.7371625331
2.346464 277360.14045782504
2.347947 277837.2225384178
2.349579 278281.80163136986
2.351797 278601.69491525425
2.35328 279075.4623859577
2.354912 279516.7262392288
2.357131 279833.05876554525
2.358613 280303.7602678679
2.360245 280741.74766624963
2.362464 281054.7735551507
2.363947 281522.0243673852
2.365579 281956.7734176438
2.367797 282266.74641148327
2.368629 282868.3115765314
2.369525 283455.5836957041
2.371157 283886.1711013005
2.371989 284485.22572798165
2.373621 284913.77256919636
2.374453 285511.09312511905
2.376085 285937.6114505814
2.409056 279854.57541343966
2.410688 280277.089818043
2.412171 280728.87044184626
2.414389 281030.37728869985
2.416021 281449.8810815803
2.417504 281898.67131067597
2.419723 282196.950614814
2.421355 282613.47740515455
2.422837 283059.5128676471
2.425056 283354.8050376418
2.426688 283768.3880526262
2.428171 284211.29434453003
2.430389 284503.8394734437
2.432021 284914.5113794599
2.432853 285486.9618780371
2.434485 285895.7706681251
2.435317 286466.63630152587
2.436213 287023.76075378945
2.437845 287429.8119984542
2.438677 287998.4096330796
2.471797 282103.218645949
2.47328 282533.9914613366
2.474912 282934.6964626242
2.477131 283219.5525158715
2.478613 283647.7917946225
2.480245 284045.76951935387
2.482464 284327.88185643556
2.483947 284753.22441960446
2.485579 285148.50396665616
2.487797 285428.10098792537
2.48928 285850.77065526776
2.490912 286243.3808100828
2.493131 286520.102752414
2.494613 286940.3229683368
2.496245 287330.2920504649
2.497077 287876.3089005236
2.498709 288264.5834695257
2.499541 288809.1556504127
2.501173 289195.74486599374
2.502005 289738.8789842153
2.534389 284192.4435178488
2.536021 284575.0897847292
2.537504 284985.0760329515
2.539723 285255.1065698769
2.541355 285635.2545531308
2.542837 286042.9447852761
2.545056 286310.47510032286
2.546688 286688.1504736922
2.548171 287093.1913194824
2.550389 287358.4389340294
2.552021 287733.66696805944
2.553504 288136.2719399307
2.555723 288398.8866790864
2.557355 288771.6922545015
2.558837 289172.07452375966
2.560469 289543.2968779407
2.561301 290065.207850022
2.562933 290434.8824585577
2.563765 290955.47116267425
2.565397 291323.60604481504
2.597131 286087.35275384923
2.598613 286480.1175198417
2.600245 286844.7334094244
2.602464 287101.36382688186
2.603947 287491.6600476569
2.605579 287853.9935076064
2.607797 288108.5192697769
2.60928 288496.55147956125
2.610912 288856.6250083032
2.613131 289108.70573251945
2.614613 289494.6781653304
2.616245 289852.51392139454
2.618464 290102.356845543
2.619947 290485.92545997805
2.621579 290841.5452732279
2.623797 291089.35742971883
2.624629 291589.7322682936
2.625525 292077.86737272836
2.627157 292430.6181745316
2.627989 292929.2423544492
2.659723 287862.85091492865
2.661355 288212.42332134594
2.662837 288587.8087024696
2.665056 288832.24791862787
2.666688 289179.714401118
2.668171 289552.8256248268
2.670389 289795.34103324485
2.672021 290140.7215389713
2.673504 290511.7546508352
2.675723 290752.0148572554
2.677355 291095.3290455439
2.678837 291464.47981366457
2.681056 291702.6832697402
2.682688 292043.95061758277
2.684171 292410.88433070894
2.686389 292647.22930674703
2.688021 292986.46900997934
2.688853 293466.51746956573
2.690485 293804.44838485855
2.691317 294283.37507224036
2.722464 289481.5061689438
2.723947 289842.06642066425
2.725579 290176.49119785393
2.727797 290409.99057492934
2.72928 290768.60871422995
2.730912 291101.0957156255
2.733131 291332.4885168773
2.734613 291689.3528340499
2.736245 292019.91972089885
2.738464 292249.3966107172
2.739947 292604.1818979383
2.741579 292932.84608579497
2.743797 293160.59757236234
2.74528 293513.4917668707
2.746912 293840.27051665535
2.749131 294065.97344633355
2.750613 294417.1642207466
2.752245 294742.0745530903
2.753077 295203.38038632984
2.754709 295527.0824441929
2.785056 291009.13520687417
2.786688 291330.84086397255
2.788171 291676.66871068627
2.790389 291899.97454823117
2.792021 292219.88121401455
2.793504 292563.91541575006
2.795723 292785.26626059314
2.797355 293103.3897365148
2.798837 293445.8114709608
2.801056 293665.3906381028
2.802688 293981.7465927895
2.804171 294322.2392210934
2.806389 294540.2298850575
2.808021 294854.8337743218
2.809504 295193.57817397447
2.811723 295409.6656461932
2.813355 295722.53272003937
2.814837 296059.709521248
2.816469 296371.43727271096
2.817301 296815.40637814027
2.847797 292407.57042253524
2.84928 292740.90297144226
2.850912 293049.7084936412
2.853131 293263.4971973752
2.854613 293595.3203655307
2.856245 293902.4603953456
2.858464 294114.5904837751
2.859947 294444.59625631914
2.861579 294750.08490855544
2.863797 294960.7329842932
2.86528 295289.09591555264
2.866912 295592.94719104486
2.869131 295801.80691639835
2.870613 296128.701337089
2.872245 296430.92905288027
2.874464 296638.1765763851
2.875947 296963.2940539076
2.877579 297263.91184930893
2.879797 297469.72318339103
2.880629 297898.0043579013
2.910389 293735.95888079517
2.912021 294033.8735184587
2.913504 294354.5582318762
2.915723 294559.71437148046
2.917355 294856.07458411006
2.918837 295175.36428329383
2.921056 295378.9785489029
2.922688 295673.797127701
2.924171 295991.3916452919
2.926389 296193.634399892
2.928021 296486.9239718751
2.929504 296802.991828072
2.931723 297003.5645055603
2.933355 297295.33753897465
2.934837 297610.04704301077
2.937056 297809.1196045434
2.938688 298099.38846973865
2.940171 298412.439122208
2.942389 298610.1814043778
2.944021 298898.9583159162
2.973131 294955.97894730343
2.974613 295266.0336059773
2.976245 295552.83322919067
2.978464 295750.01783636434
2.979947 296058.4690344916
2.981579 296343.8219682256
2.983797 296539.72153972153
2.98528 296846.7323382179
2.986912 297130.650094674
2.989131 297324.97368466726
2.990613 297630.70695199387
2.992245 297913.20090028376
2.994464 298106.1128655117
2.995947 298410.2759760905
2.997579 298691.35734697175
2.999797 298883.0219333875
3.00128 299185.77756492246
3.002912 299465.4575039983
3.005131 299655.58342709177
3.006613 299957.09405307384
3.035723 296121.81542398356
3.037355 296399.1873086225
3.038837 296698.26350167283
3.041056 296888.04635233
3.042688 297164.0618517052
3.044171 297461.63555239537
3.046389 297650.2237882106
3.048021 297924.8933504607
3.049504 298221.1223949602
3.051723 298408.2321968652
3.053355 298681.56614560017
3.054837 298976.60818713455
3.057056 299162.3985684253
3.058688 299434.4071529033
3.060171 299727.97681152564
3.062389 299912.6066828331
3.064021 300183.3000298944
3.065504 300475.55479345383
3.067723 300658.7400602496
3.069355 300928.1281783953
3.098464 297195.67154530826
3.099947 297485.203526996
3.101579 297752.90120315814
3.103797 297935.9567901235
3.10528 298224.21560968884
3.106912 298490.64508129423
3.109131 298672.30032314634
3.110613 298959.4388814545
3.112245 299224.6096151481
3.114464 299405.01864684327
3.115947 299690.7587198849
3.117579 299954.6800729335
3.119797 300133.9969372129
3.12128 300418.4912793992
3.122912 300681.1725438007
3.125131 300859.1201441191
3.126613 301142.52133164415
3.128245 301403.971691782
3.130464 301580.70378670905
3.131947 301862.733436422
3.161056 298227.1468924035
3.162688 298486.6055706683
3.164171 298766.52667745715
3.166389 298943.16615734913
3.168021 299201.4309877707
3.169504 299480.1587616925
3.171723 299655.4793170851
3.173355 299912.5589433911
3.174837 300190.2417188899
3.177056 300364.39281760005
3.178688 300620.2958262334
3.180171 300896.66200614517
3.182389 301069.79302961816
3.184021 301324.5279094299
3.185504 301599.7257003295
3.187723 301771.5661363988
3.189355 302025.14128192567
3.190837 302299.31872037915
3.193056 302470.0176941724
3.194688 302722.44144235295
3.223797 299179.4310722101
3.22528 299451.0913710324
3.226912 299702.05511411355
3.229131 299872.57462024776
3.230613 300143.2456408243
3.232245 300393.0886156887
3.234464 300562.49991493777
3.235947 300831.91658166156
3.237579 301080.64666650357
3.239797 301249.09485879797
3.24128 301517.4012011308
3.242912 301765.0262234404
3.245131 301932.24719111266
3.246613 302199.5870811256
3.248245 302446.1147820066
3.250464 302612.25339114625
3.251947 302878.361651851
3.253579 303123.7996889423
3.255797 303289.0007189073
3.25728 303554.02111192077
3.286389 300098.5731710777
3.288021 300342.2764573323
3.289504 300605.45114054886
3.291723 300770.3647890849
3.293355 301013.0092552089
3.294837 301275.25787763175
3.297056 301439.12788576615
3.298688 301680.72079633555
3.300171 301941.78435523924
3.302389 302104.75171112304
3.304021 302345.3002519104
3.305504 302605.31875478785
3.307723 302767.125380786
3.309355 303006.6366614338
3.310837 303265.74996492214
3.313056 303426.53663673485
3.314688 303665.0177216719
3.316171 303922.96675290266
3.318389 304082.87416440586
3.320021 304320.33204298664
3.349131 300948.62553224893
3.350613 301204.6115868879
3.352245 301440.7970894659
3.354464 301600.4615648719
3.355947 301855.31548962696
3.357579 302090.5034068322
3.359797 302249.31318681315
3.36128 302503.1712727518
3.362912 302737.3682597316
3.365131 302895.0711240661
3.366613 303148.069521866
3.368245 303381.2821635826
3.370464 303538.0151068233
3.371947 303789.900715277
3.373579 304022.1355289065
3.375797 304178.03547066846
3.37728 304428.94435348053
3.378912 304660.207815763
3.381131 304815.0224549052
3.382613 305065.0905282059
3.411723 301772.8968736852
3.413355 302002.6368373394
3.414837 302251.0735373054
3.417056 302405.79774506995
3.418688 302634.5923011642
3.420171 302881.95603801555
3.422389 303035.8767189256
3.424021 303263.73200368945
3.425504 303510.15548320115
3.427723 303663.02596927
3.429355 303889.9480567766
3.430837 304135.5638496401
3.433056 304287.5174947843
3.434688 304513.51242321136
3.436171 304758.07302988315
3.438389 304909.2431168279
3.440021 305134.3168629742
3.441504 305377.9547772225
3.443723 305528.09458029456
3.445355 305752.25306170445
3.474464 302536.5068546112
3.475947 302778.2888684452
3.477579 303001.3295840208
3.479797 303151.5349444807
3.48128 303392.4187797802
3.482912 303614.5658994217
3.485131 303763.76717255946
3.486613 304003.8820786056
3.488245 304225.14125029295
3.490464 304373.4684081037
3.491947 304612.572357063
3.493579 304832.94917312864
3.495797 304980.53212199867
3.49728 305218.7542940388
3.498912 305438.2543144916
3.501131 305584.85172003787
3.502613 305822.3211627817
3.504245 306040.9498926456
3.506464 306186.69149974536
3.507947 306423.166178993
3.537056 303279.9212081732
3.538688 303497.2021027781
3.540171 303732.2298956085
3.542389 303878.04753776785
3.544021 304094.4791679927
3.545504 304328.65650196973
3.547723 304473.51884349954
3.549355 304689.1064395326
3.550837 304922.55935000634
3.553056 305066.59309933684
3.554688 305281.3418625774
3.556171 305513.83347572066
3.558389 305657.16527858644
3.560021 305871.0803597405
3.561504 306102.7366494858
3.563723 306245.1303045637
3.565355 306458.216805422
3.566837 306689.16361801437
3.569056 306830.7456223446
3.570688 307043.00861526374
3.599797 303969.48941469484
3.60128 304198.65869752166
3.602912 304409.93269755883
3.605131 304551.49530046206
3.606613 304779.97342044144
3.608245 304990.4423812125
3.610464 305131.21316514915
3.611947 305358.7682773313
3.613579 305568.4370333152
3.615797 305708.53960396035
3.61728 305935.2946929032
3.618912 306144.1680524894
3.621131 306283.3711703965
3.622613 306509.4491007616
3.624245 306717.53182670486
3.626464 306855.9589595369
3.627947 307081.12789914355
3.629579 307288.4247101811
3.631797 307426.1992619926
3.63328 307650.58202139544
3.662389 304643.43026648514
3.664021 304849.52677172056
3.665504 305072.615828061
3.667723 305210.2614343896
3.669355 305415.59088163724
3.670837 305638.0271449345
3.673056 305774.92026627227
3.674688 305979.48716785194
3.676171 306201.043547669
3.678389 306337.30484798684
3.680021 306541.1136739648
3.681504 306761.9102578464
3.683723 306897.3132352952
3.685355 307100.36841498694
3.686837 307320.52517465665
3.689056 307455.1903654914
3.690688 307657.4963042536
3.692171 307876.78617447056
3.694389 308010.83405400213
3.696021 308212.39511685696
3.725131 305269.0715245717
3.726613 305486.98717111896
3.728245 305687.66752852435
3.730464 305821.6094926909
3.731947 306038.6786342186
3.733579 306238.6299827401
3.735797 306371.96924896515
3.73728 306588.3092612971
3.738912 306787.53578726447
3.741131 306920.0504328029
3.742613 307135.77858263627
3.744245 307334.2844341736
3.746464 307466.0922508722
3.747947 307680.9861098335
3.749579 307878.7753982338
3.751797 308009.9941211053
3.75328 308224.17091216095
3.754912 308421.2477268265
3.757131 308551.6554489401
3.758613 308765.2322812943
3.787723 305882.88197463955
3.789355 306078.8834854691
3.790837 306291.29477222677
3.793056 306421.7175034991
3.794688 306617.02280817705
3.796171 306828.6252871502
3.798389 306958.4768686565
3.800021 307153.08987141424
3.801504 307363.9982867289
3.803723 307493.0611791632
3.805355 307686.9857500005
3.806837 307897.3147401176
3.809056 308025.7040749459
3.810688 308218.9440641959
3.812171 308428.47560760815
3.814389 308556.30646162335
3.816021 308748.8656857002
3.817504 308957.7143816594
3.819723 309084.76924036554
3.821355 309276.6514830045
3.850464 306453.2542486225
3.851947 306660.7601665633
3.853579 306851.85355718783
3.855797 306979.0486976218
3.85728 307185.88736163743
3.858912 307376.31751519686
3.861131 307502.7535082061
3.862613 307709.03709059686
3.864245 307898.8076419312
3.866464 308024.59712008777
3.867947 308230.1118844155
3.869579 308419.22643730225
3.871797 308544.481981982
3.87328 308749.34006499284
3.874912 308937.8022051418
3.877131 309062.3105417969
3.878613 309266.6239762731
3.880245 309454.43725860055
3.882464 309578.31086640904
3.883947 309781.86596583447
3.913056 307014.66842464375
3.914688 307201.51319591573
3.916171 307404.0168068042
3.918389 307528.03137741535
3.920021 307714.24142093083
3.921504 307916.10852808086
3.923723 308039.39553333895
3.925355 308224.97425011
3.926837 308426.3146266019
3.929056 308548.9842727777
3.930688 308733.9350475489
3.932171 308934.539041356
3.934389 309056.70148530125
3.936021 309241.027674078
3.937504 309441.00502630096
3.939723 309562.4510659125
3.941355 309746.15599702933
3.942837 309945.6163480554
3.945056 310066.45604470064
3.946688 310249.5430296202
3.975797 307536.6648560565
3.97728 307734.80081830063
3.978912 307917.17748239485
3.981131 308038.06523629464
3.982613 308235.69578270806
3.984245 308417.46647312434
3.986464 308537.76062852243
3.987947 308734.6800777618
3.989579 308915.84797096153
3.991797 309035.6564019449
3.99328 309231.97223972465
3.994912 309412.5404971473
3.997131 309531.6579337457
3.998613 309727.47755031637
4.000245 309907.4493072166
4.002464 310025.98353378085
4.003947 310221.1013030685
4.005579 310400.4796695013
4.007797 310518.5384202042
4.00928 310713.0617038867
