1.030464 40
1.093696 17079.959514170052
1.095328 32683.769116921543
1.15856 24668.998251311517
1.160192 32375.43167242234
1.161824 39890.37758830697
1.163456 47220.88546679499
1.226688 37304.30528375735
1.22832 42252.95164159792
1.229952 47120.628809753
1.231584 51909.307875895
1.233216 56620.89646464645
1.234848 61257.24127133242
1.23648 65820.1304753029
1.238112 70311.29603945136
1.301344 57737.74365032487
1.302976 61208.31376232976
1.304608 64637.5627407494
1.30624 68026.22418194477
1.307872 71375.01441919486
1.309504 74684.63302752294
1.311136 77955.76331091094
1.312768 81189.07277261394
1.3144 84385.21356925505
1.316032 87544.82294935005
1.317664 90668.52367688026
1.319296 93756.92444050522
1.321728 96544.71544715448
1.32336 99557.5221238938
1.324992 102536.94046066931
1.326624 105483.52242031335
1.389056 90018.73996073531
1.390688 92498.00124367063
1.39232 94954.8991864167
1.393952 97389.73501188484
1.396384 99584.60865763007
1.398016 101971.96587149576
1.399648 104338.21617404872
1.40128 106683.63824646185
1.402912 109008.50588538537
1.405344 111075.54417413576
1.407776 113115.93588330086
1.410208 115130.19297210757
1.41264 117118.81436824922
1.415072 119082.28637989848
1.417504 121021.08309218683
1.419936 122935.66674882917
1.423168 124572.1968709257
1.4256 126437.4797538063
1.427232 128538.59182192112
1.428864 130622.4899598394
1.490496 115383.27768503061
1.492128 117228.11395300482
1.49376 119059.95303218678
1.495392 120878.93179158923
1.497824 122475.17973296816
1.499456 124266.51200873367
1.501088 126045.42054803837
1.50272 127812.03415096896
1.504352 129566.47984333854
1.506784 131088.34397044007
1.509216 132594.74634048532
1.511648 134085.92139389506
1.51408 135562.09885529013
1.519712 136127.28105173656
1.522144 137569.1506671006
1.525376 138772.1453510927
1.527808 140184.66091880066
1.52944 141810.42775604443
1.531072 143425.59447711584
1.627104 122083.66854384552
4.689696 20190.028945964623
4.752288 20129.91479446637
4.75312 20404.78626013255
4.81488 20346.60037374327
4.815712 20616.878999737928
4.877472 20556.23487135977
4.878304 20822.07160380889
4.879136 21087.793399905215
4.940064 21025.168815224068
4.940896 21286.650682072977
4.941728 21548.02130462173
4.94256 21809.28075384653
