1.030197 40
1.093131 17160.835160644474
1.094763 32834.61883963701
1.156242 25070.411361021866
1.157874 32895.509762917354
1.159506 40523.08810678301
1.161138 47960.5318425856
1.219353 38698.21734441416
1.220985 43818.26949284023
1.222617 48851.47074108719
1.224249 53800.01236781896
1.225881 58666.01255084729
1.226713 63709.82515418595
1.228345 68433.69602519329
1.229977 73080.38842726997
1.282809 61913.1316010324
1.284441 65606.26799452497
1.286073 69252.29407994497
1.287705 72852.10556565231
1.289337 76406.57559620285
1.290169 80162.47903620393
1.291801 83637.86486445164
1.293433 87070.15757723108
1.295065 90460.1537369558
1.296697 93808.63039399627
1.298329 97116.34568048571
1.299961 100384.03938257147
1.301593 103612.43349201906
1.303225 106802.23273803417
1.304857 109954.12510012383
1.306489 113068.78230278112
1.352921 100023.54953458683
1.354553 102726.63369877546
1.356185 105402.65285838745
1.357817 108052.01147671082
1.359449 110675.10599783757
1.361081 113272.32504442646
1.362713 115844.04960964284
1.364345 118390.65324347299
1.365977 120912.50223360535
1.367609 123409.9557810629
1.369241 125883.36617076253
1.371673 128032.42394780311
1.374105 130151.08691859455
1.376537 132239.99538026223
1.378969 134299.77177066973
1.380601 136642.27577310763
1.383033 138647.98376582892
1.385465 140626.2314646971
1.387897 142577.57897679624
1.390329 144502.57127941982
1.432761 131854.81066364606
1.435193 133630.949441476
1.437625 135385.88413167483
1.440057 137119.992192456
1.441689 139103.55486862443
1.444121 140798.79398150387
1.446553 142474.2287849821
1.448985 144130.20430384827
1.451417 145767.05759460616
1.453849 147385.1179741864
1.455481 149264.9617667253
1.458713 150566.13988742547
1.461945 151847.83716427174
1.465177 153110.48783852134
1.467609 154636.81837718218
1.470041 156146.27004119646
1.473273 157354.49448853018
1.476505 158545.21989298874
1.478937 160003.56553906496
1.482169 161160.4258670891
1.521401 150405.9413196961
1.524633 151526.18336852497
1.527065 152877.62544579248
1.530297 153969.20615876824
1.532729 155293.59324381335
1.535961 156357.51061760035
1.538393 157655.70764035927
1.541625 158692.91474068686
1.544857 159717.0947810205
1.548089 160728.4916546307
1.549721 162225.42173220107
1.553753 162962.51021858217
1.557785 163688.33256252986
1.561017 164650.91744847593
1.564249 165601.85150509689
1.567481 166541.34498700878
1.570713 167469.60311998165
1.574745 168139.44776218073
1.577977 169045.9673591588
1.581209 169941.8524460447
1.618041 161063.13920019596
1.621273 161941.94993537213
1.624505 162811.20227222246
1.628537 163452.2178025872
1.630969 164521.6488118621
1.635001 165144.41042056604
1.638233 165977.01451887717
1.641465 166800.81404555778
1.645497 167398.01722736878
1.649529 167987.4445370173
1.651161 169220.75997964453
1.655193 169793.08667575475
1.662425 169495.81480098952
1.668857 169417.2172987192
1.672089 170184.39238999708
1.679321 169890.49857962423
1.716153 162284.46139402527
1.720185 162843.41176948004
1.724217 163395.86755424913
1.728249 163941.9412880416
1.731481 164669.37788399565
1.735513 165202.54751061933
1.739545 165729.65596576015
1.746777 165508.38706076084
1.753209 165474.43195963552
1.757241 165987.20297533573
1.772473 163982.13063604376
1.863705 147281.1298751782
1.865337 148238.61867471322
1.947769 136054.71832183196
1.949401 136944.5737834039
1.951033 137831.27505875097
1.952665 138714.83888872026
2.026297 129505.06977211124
2.027929 130335.60114339324
2.029561 131163.41993507868
2.031993 131883.1378843597
2.033625 132705.08696189465
2.035257 133524.36670447534
2.036889 134340.99009428904
2.038521 135154.97002947467
2.040153 135966.31932480226
2.104985 128732.36396387007
2.110617 129023.89811369653
2.113049 129694.54736196634
2.115481 130362.19091039765
2.117113 131123.28827618697
2.118745 131882.1034993404
2.120377 132638.64682896403
2.121209 133490.74070679335
2.182041 127343.63333923693
2.183673 128065.0832787158
2.188505 128428.70808109759
2.190137 129144.61092815147
2.192569 129769.12726734641
2.195801 130301.54323423737
2.198233 130920.62230958634
2.200665 131537.1287382483
2.202297 132241.27634160907
2.203929 132943.4657996885
2.259961 127731.82496804264
2.262393 128323.74070358938
2.267225 128663.2153839687
2.269657 129249.83460539267
2.272889 129750.5737543977
2.274521 130416.19385304792
2.276953 130995.96071725345
2.280185 131489.26229691805
2.283417 131980.0194698457
2.285849 132552.64993804018
2.287481 133207.77167290763
2.338713 128787.11456336798
2.341945 129262.63276178048
2.347577 129499.46105148099
2.350009 130048.82513570115
2.354041 130438.32959170415
2.356473 130983.29457820245
2.358105 131605.50279085597
2.360537 132146.66927251683
2.363769 132606.2634788373
2.367801 132984.05208118397
2.371033 133439.1379706392
2.372665 134051.61240342414
2.419897 130243.93754047634
2.423929 130613.34603783226
2.429561 130830.86316355143
2.432793 131270.87201161272
2.436825 131633.95012753908
2.440057 132069.8509071823
2.442489 132578.81514587635
2.445721 133010.8143698023
2.447353 133591.5029820288
2.449785 134095.24453573854
2.454617 134370.48061667208
2.457849 134794.75390361238
2.460281 135292.75203414622
2.503513 132028.7026001211
2.508345 132300.68978207867
2.513977 132499.42713879416
2.518009 132839.36411320785
2.522041 133177.4635953893
2.526073 133513.74044372665
2.529305 133919.63754445978
2.532537 134323.78822370435
2.534969 134797.82983734415
2.536601 135342.17912326308
2.539033 135813.30243976152
2.543865 136066.82575042878
2.547897 136390.59102589445
2.551129 136784.55052559878
2.590361 134011.5526316464
2.595993 134193.7263858127
2.601625 134374.5943180343
2.606457 134622.4607615495
2.610489 134937.0875762201
2.615321 135181.853280879
2.619353 135493.30588060583
2.622585 135871.40822462869
2.625817 136247.9788420802
2.628249 136691.4218060489
2.630681 137133.5171110739
2.632313 137642.96717590987
2.637145 137876.27228759116
2.641177 138176.7619709742
2.645209 138475.7512637677
2.681241 136083.59316892826
2.687673 136182.9673551834
2.693305 136347.1283885352
2.698137 136575.65619866422
2.702969 136802.8637495128
2.707801 137028.7624493027
2.712633 137253.36357519694
2.715865 137607.16819682167
2.719897 137894.30076344914
2.723129 138245.3636649316
2.726361 138595.08868246232
2.727993 139074.42354676296
2.729625 139552.83777835837
2.734457 139767.4063816554
2.738489 140046.315266945
2.743321 140258.381763375
2.776153 138216.54153942026
2.783385 138239.59552540857
2.789017 138388.23756836972
2.793849 138598.7711861524
2.799481 138745.39079085097
2.804313 138953.7099039747
2.809945 139098.3442599739
2.813177 139429.49444188943
2.818009 139634.36871438383
2.822041 139900.57170155438
2.825273 140228.04605487455
2.827705 140616.89850615407
2.830137 141004.70015667187
2.834969 141203.43179083007
2.836601 141651.5906740685
2.844633 141597.71962196517
2.875065 139825.72194867057
2.882297 139841.2612709897
2.888729 139916.8806348236
2.893561 140112.18420018847
2.899193 140246.4210731323
2.904825 140379.85136251032
2.910457 140512.48231627542
2.914489 140763.74574641298
2.919321 140954.22005119832
2.926553 140965.0930521484
2.928985 141332.26036819277
2.936217 141341.64384424087
2.938649 141706.47205169426
2.939481 142189.42807879814
2.945913 142254.90625959172
2.973945 140738.40847681902
2.981977 140692.08619823956
3.072409 134971.29583020761
3.074041 135372.36697125612
3.155673 130662.49630670965
3.156505 131100.48026908614
3.158137 131488.66979332126
3.159769 131876.26433856194
3.233401 127940.94418855447
3.235033 128317.93385086236
3.236665 128694.365837166
3.238297 129070.2413839953
3.239929 129445.5617242272
3.241561 129820.3280870992
3.309593 126401.90646995958
3.311225 126767.40487183849
3.312857 127132.38064363506
3.314489 127496.83490551998
3.316121 127860.76877446496
3.317753 128224.18336425423
3.319385 128587.07978549598
3.321017 128949.45914563343
3.322649 129311.32254895632
3.384281 126367.6232453897
3.386713 126678.53729828271
3.389145 126988.81026627125
3.391577 127298.44413012732
3.394009 127607.44086247128
3.396441 127915.80242781386
3.398073 128266.85181149689
3.400505 128574.00810358825
3.402937 128880.53474042666
3.404569 129229.96059589651
3.459801 126720.23918301088
3.463033 126979.37715489249
3.466265 127237.82751548808
3.469497 127495.59299799122
3.471929 127794.53273332208
3.475161 128050.96516758531
3.477593 128348.66118928035
3.480825 128603.77013565502
3.483257 128900.23073222833
3.485689 129196.10408015993
3.487321 129533.55223423806
3.536953 127383.75813202401
3.540985 127593.40892182058
3.545017 127802.38744721291
3.548249 128051.36669139478
3.551481 128299.7076092975
3.555513 128506.68985584378
3.557945 128794.48426029811
3.561977 129000.15009203009
3.565209 129245.93650838734
3.567641 129531.92267494377
3.570073 129817.36116251347
3.615705 127928.43804776469
3.617337 128249.72749831862
3.621369 128451.52695382628
3.625401 128652.69936390358
3.629433 128853.24764661615
3.632665 129092.8457141452
3.637497 129252.48341195872
3.640729 129490.84707638137
3.644761 129688.92710218608
3.648793 129886.3971380083
3.652025 130122.9523828413
3.654457 130398.66476644846
3.696889 128713.77721911641
3.699321 128986.13927266024
3.700153 129335.46470428727
3.704185 129529.37709518519
3.709017 129683.96532801756
3.713049 129876.71328869429
3.717081 130068.88276531476
3.721913 130221.76187978228
3.725945 130412.78339073237
3.729977 130603.23433761271
3.734809 130754.42984058341
3.738841 130943.74897550215
3.741273 131209.89599701372
3.780505 129716.3808562532
3.783737 129941.82034762524
3.785369 130242.32243939761
3.789401 130428.92080469587
3.791033 130728.51846324808
3.795865 130876.1572249453
3.799897 131061.12575369173
3.804729 131207.7135891747
3.809561 131353.79173077006
3.814393 131499.36283221442
3.818425 131682.20102516722
3.824057 131788.9944378029
3.828089 131970.78371859956
3.831321 132189.79238334327
3.867353 130877.54074855242
3.871385 131057.85326419794
3.873817 131311.49731680044
3.877849 131490.78609324453
3.880281 131743.48545516553
3.881913 132032.78306815968
3.885945 132210.54518816085
3.890777 132350.7820092429
3.895609 132490.54586216572
3.901241 132592.8825890512
3.906073 132731.73113166215
3.910905 132870.11387478354
3.916537 132971.16763790822
3.921369 133108.64936434082
3.924601 133319.32929888158
3.958233 132143.18403189033
3.962265 132316.16729216374
3.965497 132524.78451946992
3.970329 132660.71047150262
3.972761 132904.50097262117
3.975193 133147.88882565545
3.980025 133282.34730974145
3.981657 133561.01725925473
3.985689 133730.6952615673
3.991321 133827.56007516067
3.996953 133924.05711828003
4.001785 134056.26890403382
4.007417 134151.99414218633
4.013049 134247.35789774352
4.018681 134342.36221442043
4.021913 134544.8565304996
4.053145 133498.82300324057
4.057977 133629.25972164425
4.061209 133829.88915913235
