1.030096 40
1.092688 17254.601226993807
1.09432 33009.46686596908
1.156064 25085.73605995172
1.156896 33123.02839116719
1.158528 40799.80067272951
1.15936 48582.74538928083
1.218656 38820.53457785319
1.220288 43955.58172793805
1.22112 49208.476421810854
1.222752 54189.85134125068
1.223584 59331.84486893241
1.225216 64165.641656416505
1.226048 69200.62056013713
1.22768 73892.622884444
1.281248 62273.045804930865
1.28288 65985.18893600858
1.283712 69869.40887010281
1.285344 73497.14787187359
1.286176 77319.58762886595
1.287808 80865.46222139438
1.28864 84627.76161891203
1.290272 88094.21314802281
1.291104 91797.9525531784
1.292736 95187.32866280833
1.293568 98834.0316997631
1.2952 102148.59074174664
1.296032 105739.72685157324
1.297664 108981.64204987143
1.299296 112184.24962852892
1.300128 115689.9922972092
1.34384 102886.42970064766
1.345472 105651.66658211147
1.346304 108662.65243131103
1.347936 111376.7933551472
1.348768 114349.55063513579
1.3504 117013.8368549877
1.351232 119949.18040954608
1.352864 122564.81435582208
1.354496 125154.130702836
1.355328 128031.68199931119
1.35696 130574.18375838267
1.357792 133416.3370929153
1.359424 135913.13219647278
1.361056 138385.3033599226
1.361888 141172.78294835315
1.36352 143600.94054417193
1.365152 146005.4438661
1.366784 148386.63688637546
1.368416 150744.8569401749
1.369248 153441.52474406752
1.406432 141044.17329195188
1.408064 143186.7248020996
1.409696 145310.85353003154
1.411328 147416.79607168338
1.41296 149504.78498892553
1.414592 151575.048895177
1.415424 153946.76742930693
1.417056 155985.11474054158
1.418688 158006.340840779
1.42032 160010.66054368767
1.421952 161998.2850843166
1.422784 164303.46738377537
1.424416 166260.9048488537
1.426048 168202.20632803973
1.42768 170127.57052597683
1.429312 172037.19289808022
1.430944 173931.2657166806
1.432576 175809.97813555945
1.434208 177673.51625291997
1.43504 179876.72369512814
1.469664 168074.10912532298
1.471296 169809.6101541251
1.472928 171532.3192542544
1.47456 173242.37733539718
1.476192 174939.92324522074
1.477824 176625.09380695416
1.478656 178616.01569466735
1.480288 180278.63667057606
1.48192 181929.2467863593
1.483552 183567.97572421576
1.485184 185194.95130612096
1.486816 186810.29952706254
1.488448 188414.14458756585
1.49008 190006.60892552778
1.491712 191587.81324737443
1.493344 193157.87655856038
1.494976 194716.91619342618
1.496608 196265.04784442842
1.49824 197802.38559075835
1.499072 199669.0662208727
1.532256 188545.48351123143
1.533888 189999.04722583923
1.53552 191443.2239070562
1.537152 192878.10419361957
1.538784 194303.77756109834
1.540416 195720.3323404922
1.542048 197127.85573647523
1.54368 198526.43384529112
1.545312 199916.15167230828
1.546944 201297.09314924304
1.548576 202669.34115105693
1.550208 204032.9775125357
1.55184 205388.08304455818
1.553472 206734.7375500596
1.555104 208073.01983969763
1.556736 209403.0077472277
1.558368 210724.77814459216
1.56 212038.40695673172
1.561632 213343.96917612353
1.562464 214964.08499383877
1.594848 204479.13420403996
1.59648 205726.15045622757
1.598112 206966.0009577195
1.599744 208198.74729657607
1.601376 209424.45035709284
1.603008 210643.17032982374
1.60464 211854.96672143467
1.606272 213059.89836438865
1.607904 214258.02342646688
1.609536 215449.39942012972
1.611168 216634.08321171903
1.6128 217812.13103050602
1.614432 218983.59847758818
1.616064 220148.54053463668
1.618496 221006.11828687967
1.620128 222157.44230821374
1.62176 223302.41488412334
1.623392 224441.0884280359
1.625024 225573.51477825883
1.625856 227004.1627501007
1.65744 217233.28827565096
1.659072 218323.11566737038
1.660704 219407.30215918605
1.662336 220485.89143363276
1.663968 221558.92672337632
1.6656 222626.45081698932
1.667232 223688.50606463922
1.668864 224745.1343836886
1.671296 225514.6600124766
1.672928 226559.97212335412
1.67456 227599.99006926682
1.676192 228634.7539684505
1.677824 229664.30353481707
1.679456 230688.67808303554
1.681088 231707.9165335365
1.68272 232722.05741744096
1.684352 233731.13888141638
1.685984 234735.19869245967
1.687616 235734.27424260855
1.689248 236728.40255358393
1.720032 227673.29143572733
1.721664 228639.84452721925
1.724096 229337.17579250716
1.725728 230294.1785311774
1.72736 231246.70139287267
1.728992 232194.77576062814
1.730624 233138.43272503026
1.732256 234077.70308761531
1.733888 235012.6173642212
1.73552 235943.20578829185
1.737152 236869.49831413632
1.738784 237791.52462014306
1.740416 238709.31411194953
1.742048 239622.89592556798
1.74368 240532.2989304693
1.745312 241437.5517326234
1.746944 242338.68267749922
1.748576 243235.71985302304
1.750208 244128.69109249668
1.75184 245017.62397747673
1.783264 236175.7270622225
1.784896 237042.92527821937
1.786688 237856.07037875097
1.78832 238715.73571925974
1.789952 239571.70832368237
1.791584 240424.01193452813
1.793216 241272.67009120452
1.794848 242117.706132184
1.79648 242959.14319714395
1.798112 243797.00422907856
1.799744 244631.31197638396
1.801376 245462.0889949175
1.803008 246289.35765003
1.80464 247113.14011857295
1.806272 247933.45839088035
1.807904 248750.3342727254
1.809536 249563.78938725236
1.811168 250373.8451768851
1.8128 251180.52290521064
1.814432 251983.84365884005
1.845856 243552.02510542315
1.847488 244338.0899250298
1.84928 245073.14595988198
1.850912 245852.9073507339
1.852544 246629.57414936868
1.854176 247403.1647412872
1.855808 248173.6973666363
1.85744 248941.19012164226
1.859072 249705.66096002774
1.860704 250467.1276944118
1.862336 251225.60799769295
1.863968 251981.11940441694
1.8656 252733.67931212776
1.867232 253483.3049827029
1.868864 254230.01354367353
1.871296 254731.33618640032
1.872928 255472.02764014655
1.87456 256209.8561928039
1.876192 256944.8384107713
1.877824 257676.99073287658
1.908448 249877.04246133668
1.91008 250595.46537209765
1.911872 251265.6275516684
1.913504 251978.70066832082
1.915136 252689.1439934918
1.916768 253396.9720482884
1.9184 254102.19924710452
1.920032 254804.83989859943
1.921664 255504.90820666507
1.924096 255973.15436241607
1.925728 256667.91718027042
1.92736 257360.15264180885
1.928992 258049.87451273558
1.930624 258737.0964589663
1.932256 259421.83204753036
1.933888 260104.09474746397
1.93552 260783.89793069323
1.937152 261461.2548729075
1.938784 262136.17875442392
1.940416 262808.68266104226
1.97104 255360.57406179328
1.972672 256021.7955899577
1.974464 256637.24310861866
1.976896 257076.46810308404
1.978528 257730.65438534334
1.98016 258382.59317267046
1.981792 259032.2960273028
1.983424 259679.77443230446
1.985056 260325.0397922426
1.986688 260968.10343385683
1.98832 261608.9766067224
1.989952 262247.6704839059
1.991584 262884.19616261456
1.993216 263518.56466483924
1.994848 264150.7869379903
1.99648 264780.8738555274
1.998112 265408.8362175831
1.999744 266034.68475157995
2.001376 266658.4301128407
2.003008 267280.08288519416
2.033632 260160.07397841234
2.035264 260772.32860576533
2.037696 261175.0694720127
2.039488 261741.72174933026
2.04112 262347.8770039089
2.042752 262952.0784945726
2.044384 263554.3356522013
2.046016 264154.6578470746
2.047648 264753.0543893579
2.04928 265349.5345295844
2.050912 265944.10745913076
2.052544 266536.78231068957
2.054176 267127.56815873756
2.055808 267716.4740199978
2.05744 268303.5088538989
2.059072 268888.68156302965
2.060704 269472.00099358824
2.062336 270053.4759358288
2.063968 270633.1151245028
2.0656 271210.927239296
2.096864 264237.39744724246
2.098496 264807.1883189817
2.100288 265335.5659545203
2.10208 265862.1770474186
2.103712 266426.72985499474
2.105344 266989.5689180542
2.106976 267550.7020280811
2.108608 268110.13692939904
2.11024 268667.8813195277
2.111872 269223.9428495363
2.113504 269778.32912439265
2.115136 270331.04770331044
2.116768 270882.10610009276
2.1184 271431.51178347226
2.120032 271979.2721774489
2.121664 272525.39466162433
2.124096 272870.20109689207
2.125728 273412.9707785095
2.12736 273954.1258985987
2.128992 274493.67365064565
2.159456 268010.2004675214
2.161088 268543.01356685103
2.16288 269036.2858232461
2.164672 269527.9998871825
2.166304 270056.1868953572
2.167936 270582.85874991206
2.169568 271108.0219610486
2.1712 271631.68300172465
2.172832 272153.8483079206
2.174464 272674.52427890326
2.176896 273003.1391698639
2.178528 273520.7657048915
2.18016 274036.92316253704
2.181792 274551.61778802733
2.183424 275064.85579124064
2.185056 275576.64334695577
2.186688 276086.9865951
2.18832 276595.89164099516
2.189952 277103.3645556
2.191584 277609.4113757524
2.222048 271386.7672523726
2.22368 271887.02261424414
2.225472 272349.4532264325
2.228064 272628.31728393416
2.229696 273124.37479159713
2.231328 273619.08440667577
2.23296 274112.45161547774
2.234592 274604.48187457654
2.236224 275095.1806110131
2.237856 275584.55322249455
2.239488 276072.60507759266
2.24112 276559.3415159402
2.242752 277044.7678484253
2.244384 277528.8893573847
2.246016 278011.7112967958
2.247648 278493.2388924662
2.24928 278973.4773422223
2.250912 279452.43181609677
2.252544 279930.1074565135
2.254176 280406.50937847194
2.28464 274426.4051320639
2.286272 274897.78502375464
2.288864 275157.93220037373
2.290656 275591.80046963255
2.292288 276059.4267750072
2.29392 276525.8453708744
2.295552 276991.06092981505
2.297184 277455.0781003371
2.298816 277917.9015070307
2.300448 278379.53575072106
2.30208 278839.98540862143
2.303712 279299.2550344845
2.305344 279757.3491587519
2.306976 280214.27228870365
2.308608 280670.0289086062
2.31024 281124.6234798585
2.311872 281578.0604411379
2.313504 282030.3442085447
2.315136 282481.4791757455
2.316768 282931.46971411514
2.347232 277177.14799382904
2.349664 277454.4396347895
2.351456 277865.22976327414
2.353248 278274.9071913129
2.35488 278717.1342649065
2.356512 279158.2731209515
2.358144 279598.3277712854
2.359776 280037.30220805004
2.361408 280475.20040381217
2.36304 280912.026311683
2.364672 281347.7838654374
2.366304 281782.4769796319
2.367936 282216.10954972194
2.369568 282648.6854521781
2.3712 283080.20854460204
2.372832 283510.6826658405
2.375264 283771.24641680444
2.376896 284199.5841995842
2.378528 284626.88515253266
2.38016 285053.1530357079
2.410464 279548.64210123674
2.412256 279938.64675580245
2.414048 280327.6414210897
2.41584 280715.6300153563
2.417472 281135.03477067495
2.419104 281553.45397578704
2.420736 281970.8911005004
2.422368 282387.3495983543
2.424 282802.8329067138
2.425632 283217.3444468649
2.428064 283468.57724926464
2.429696 283881.1088882538
2.431328 284292.67958482244
2.43296 284703.292692663
2.434592 285112.9515498798
2.436224 285521.65947908006
2.437856 285929.41978746373
2.439488 286336.2357669123
2.44112 286742.11069407745
2.442752 287147.0478304697
2.473056 281837.334368243
2.474848 282207.60379636084
2.47664 282576.95583404304
2.478432 282945.39388650144
2.480864 283187.939077785
2.482496 283585.7890388323
2.484128 283982.74590930593
2.48576 284378.812693039
2.487392 284773.9923804087
2.489024 285168.28794841137
2.490656 285561.70236073836
2.492288 285954.2385678488
2.49392 286345.8995070445
2.495552 286736.68810254283
2.497184 287126.6072655492
2.498816 287515.6598943297
2.500448 287903.84887428314
2.50208 288291.17707801174
2.503712 288677.6473653923
2.505344 289063.2625836469
2.535648 283935.7258998692
2.53744 284288.12533834344
2.539232 284639.6878743864
2.541664 284869.75114583
2.543456 285219.6437067188
2.545088 285598.86784880713
2.54672 285977.2758442435
2.548352 286354.8703248991
2.549984 286731.65391134087
2.551616 287107.6292128923
2.553248 287482.79882769415
2.55488 287857.1653427633
2.556512 288230.73133405304
2.558144 288603.49936651206
2.559776 288975.4719941426
2.561408 289346.6517600593
2.56304 289717.0411965473
2.564672 290086.64282511914
2.566304 290455.4591565725
2.567936 290823.49269104714
2.59824 285866.6040873797
2.600032 286202.74966622837
2.602464 286421.4992927864
2.604256 286756.11119581235
2.606048 287089.9621308263
2.60768 287452.2053976206
2.609312 287813.699962513
2.610944 288174.4481442871
2.612576 288534.45225216117
2.614208 288893.7145858373
2.61584 289252.2374355508
2.617472 289610.02308211796
2.619104 289967.07379698526
2.620736 290323.3918422773
2.622368 290678.9794708442
2.624 291033.8389263092
2.625632 291387.9724431163
2.628064 291595.32606410136
2.629696 291947.9869967492
2.631328 292299.92905462795
2.660832 287649.25775845995
2.663264 287857.7096783675
2.665056 288178.30405636836
2.666848 288498.1964280477
2.66864 288817.3890966614
2.670272 289164.089707446
2.671904 289510.1010593199
2.673536 289855.42520566616
2.675168 290200.0641917192
2.6768 290544.020054606
2.678432 290887.29482338554
2.680864 291088.7538406366
2.682496 291430.6463326071
2.684128 291771.8641477311
2.68576 292112.40928111016
2.687392 292452.28371998726
2.689024 292791.4894437854
2.690656 293130.028424146
2.692288 293467.9026249675
2.69392 293805.11400244257
2.724064 289190.8229671399
2.725856 289498.513940652
2.727648 289805.55529374065
2.72944 290111.94908152794
2.731232 290417.6973504764
2.733664 290613.58278624626
2.735296 290945.34365470323
2.736928 291276.47009195987
2.73856 291606.9639161258
2.740192 291936.8269383707
2.741824 292266.06096295675
2.743456 292594.6677872718
2.745088 292922.64920186216
2.74672 293250.00699046504
2.748352 293576.74293004064
2.749984 293902.858790805
2.751616 294228.356336261
2.753248 294553.2373232309
2.75488 294877.5035018878
2.756512 295201.1566157867
2.786656 290727.33069180674
2.788448 291022.50288906886
2.79024 291317.0740575771
2.792032 291611.0460311839
2.794464 291798.53635976167
2.796256 292091.31675499387
2.797888 292409.96678342245
2.79952 292728.02900831006
2.801152 293045.5050546115
2.802784 293362.3965412977
2.804416 293678.7050813833
2.806048 293994.4322819535
2.80768 294309.57974419213
2.809312 294624.14906340773
2.810944 294938.1418290612
2.812576 295251.5596247924
2.814208 295564.40402844665
2.81584 295876.67661210115
2.817472 296188.37894209166
2.819104 296499.5125790382
2.849248 292158.1044354733
2.85104 292441.72253512463
2.852832 292724.7829636327
2.855264 292904.5435817415
2.857056 293186.4955992468
2.858848 293467.8950453642
2.86048 293774.4211050796
2.862112 294080.4010445323
2.863744 294385.83632191125
2.865376 294690.7283902184
2.867008 294995.078697292
2.86864 295298.88868582965
2.870272 295602.15979341103
2.871904 295904.8934525206
2.873536 296207.0910905698
2.875168 296508.75412992015
2.8768 296809.88398790493
2.878432 297110.48207685177
2.880864 297281.993204983
2.882496 297581.51587130205
2.91184 293493.6952104005
2.913632 293766.6176807876
2.916064 293939.239690175
2.917856 294211.12853328814
2.919648 294482.50167235406
2.92144 294753.360573222
2.923072 295048.6429833236
2.924704 295343.41668566794
2.926336 295637.6829937138
2.927968 295931.4432164024
2.9296 296224.698658176
2.931232 296517.4506189983
2.933664 296684.96213426575
2.935296 296976.6953600671
2.936928 297267.92921452963
2.93856 297558.6649787473
2.940192 297848.903929436
2.941824 298138.647338952
2.943456 298427.89647531044
2.945088 298716.65260220406
2.974432 294743.29539750324
2.976864 294909.3060909158
2.978656 295171.81918955536
2.980448 295433.84988966095
2.98224 295695.39951970754
2.984032 295956.4694032967
2.986464 296120.1573528089
2.988096 296404.4943820225
2.989728 296688.3578141202
2.99136 296971.7488313659
2.992992 297254.6686120915
2.994624 297537.11833071354
2.996256 297819.09915774915
2.997888 298100.6122598323
2.99952 298381.65879973024
3.001152 298662.239936359
3.002784 298942.35682479944
3.004416 299222.01061631343
3.006048 299501.2024583593
3.00768 299779.9334946075
3.037664 295820.61479362095
3.039456 296074.37193932396
3.041248 296327.676873752
3.04304 296580.5308046324
3.044832 296832.934935396
3.047264 296990.63241138065
3.049056 297242.1444704204
3.050688 297516.7673632282
3.05232 297790.9469969697
3.053952 298064.6844439525
3.055584 298337.9807730285
3.057216 298610.8370496073
3.058848 298883.25433567044
3.06048 299155.23368978477
3.062112 299426.77616711677
3.063744 299697.8828194457
3.065376 299968.55469517707
3.067008 300238.7928393568
3.06864 300508.59829368413
3.070272 300777.97209652496
3.100256 296923.9092630521
3.102048 297169.046387175
3.10384 297413.7598469242
3.105632 297658.05073966435
3.108064 297810.16839527845
3.109856 298053.62157171976
3.111648 298296.6555723806
3.11328 298562.20093856327
3.114912 298827.33056538325
3.116544 299092.04542840266
3.118176 299356.3465001341
3.119808 299620.2347500517
3.12144 299883.7111446036
3.123072 300146.77664722386
3.124704 300409.4322183435
3.126336 300671.67881540285
3.127968 300933.5173928628
3.1296 301194.9489022169
3.131232 301455.97429200204
3.133664 301601.84980946657
3.162848 297962.4447661988
3.16464 298199.5217713947
3.166432 298436.2010470263
3.168864 298583.1095284762
3.170656 298819.00063534774
3.172448 299054.4971134528
3.17424 299289.599952242
3.175872 299546.6441977168
3.177504 299803.2977431396
3.179136 300059.56147861364
3.180768 300315.4362915405
3.1824 300570.92306662997
3.184032 300826.02268591075
3.186464 300969.0368248833
3.188096 301223.3549582947
3.189728 301477.28872326395
3.19136 301730.83899051667
3.192992 301984.0066281504
3.194624 302236.7925016447
3.196256 302489.1974738708
3.22544 298941.76038015
3.227232 299171.2847998485
3.229664 299313.31970641506
3.231456 299542.10124650213
3.233248 299770.5106138841
3.23504 299998.5487159764
3.236832 300226.2164572472
3.239264 300366.4728078625
3.240896 300615.16193233215
3.242528 300863.484165841
3.24416 301111.4403197017
3.245792 301359.0312028365
3.247424 301606.2576217862
3.249056 301853.1203807189
3.250688 302099.62028143846
3.25232 302345.75812339346
3.253952 302591.53470368584
3.255584 302836.9508170792
3.257216 303082.00725600775
3.258848 303326.70481058455
3.288032 299866.78098936373
3.290464 300004.247096048
3.292256 300226.3323549174
3.294048 300448.0660367357
3.29584 300669.44897570065
3.297632 300890.4820033728
3.300064 301026.2699738499
3.301856 301246.61055745324
3.303488 301487.82084216
3.30512 301728.6850600257
3.306752 301969.2039552748
3.308384 302209.3782699992
3.310016 302449.2087441664
3.311648 302688.69611562655
3.31328 302927.84112011996
3.314912 303166.644491285
3.316544 303405.1069606656
3.318176 303643.22925771825
3.319808 303881.0121098199
3.32144 304118.45624227525
3.351264 300658.978583196
3.353056 300874.7460137066
3.354848 301090.18080208125
3.35664 301305.28371696384
3.358432 301520.05552463216
3.360864 301651.6444365119
3.362656 301865.76122371986
3.364448 302079.5492710611
3.36608 302313.7144774964
3.367712 302547.5527203783
3.369344 302781.0646840352
3.370976 303014.2510508868
3.372608 303247.1125014514
3.37424 303479.64971435204
3.375872 303711.8633663231
3.377504 303943.7541322173
3.379136 304175.3226850117
3.380768 304406.5696958146
3.3824 304637.49583387177
3.384032 304868.1017665731
3.413856 301490.0828942511
3.415648 301699.56471290503
3.41744 301908.73204699444
3.419232 302117.5856041682
3.421664 302245.2215450282
3.423456 302453.4545576094
3.425248 302661.37597947853
3.42704 302868.9865094888
3.428672 303096.50392566255
3.430304 303323.7119449648
3.431936 303550.61119808146
3.433568 303777.20231398573
3.4352 304003.48591994355
3.436832 304229.4626415195
3.439264 304354.03425580944
3.440896 304579.39273270284
3.442528 304804.44630149164
3.44416 305029.19558056456
3.445792 305253.6411866394
3.447424 305477.78373476834
3.476448 302278.65818165167
3.47824 302482.20692900417
3.480032 302685.45790583914
3.482464 302809.3662941288
3.484256 303012.02855559543
3.486048 303214.3950696105
3.48784 303416.46648308367
3.489632 303618.2434410393
3.492064 303740.7472396067
3.493696 303961.6820912486
3.495328 304182.32442220446
3.49696 304402.674813042
3.498592 304622.7338427933
3.500224 304842.5020889606
3.501856 305061.98012752045
3.503488 305281.1685329297
3.50512 305500.06787812966
3.506752 305718.6787345517
3.508384 305937.00167212205
3.510016 306155.0372592664
3.53904 303027.8874299307
3.540832 303225.8270084947
3.543264 303346.21481731423
3.545056 303543.5951267614
3.546848 303740.69435526425
3.54864 303937.5131028086
3.550432 304134.05196767417
3.552864 304253.10611201666
3.554656 304449.0921190227
3.556288 304664.0952073318
3.55792 304878.8206773889
3.559552 305093.26906655025
3.561184 305307.4409107862
3.562816 305521.33674468554
3.564448 305734.95710146026
3.56608 305948.3025129496
3.567712 306161.37350962474
3.569344 306374.1706205932
3.570976 306586.69437360286
3.572608 306798.9452950468
3.601632 303740.6437242177
3.604064 303857.7014166454
3.605856 304050.0667764077
3.607648 304242.1646585597
3.60944 304433.99562059186
3.611232 304625.5602184464
3.613664 304741.34994705
3.615456 304932.3885261627
3.617248 305123.16245817795
3.61888 305332.5422283203
3.620512 305541.6581738222
3.622144 305750.51079301
3.623776 305959.1005829555
3.625408 306167.4280394804
3.62704 306375.4936571601
3.628672 306583.29792932747
3.630304 306790.84134807676
3.631936 306998.12440426776
3.633568 307205.14758752927
3.6352 307411.91138626327
3.664864 304345.58185009076
3.666656 304533.1795976575
3.668448 304720.5225079898
3.67024 304907.61110000056
3.672032 305094.4458911949
3.674464 305207.14212242776
3.676256 305393.47582912596
3.678048 305579.55733336555
3.67984 305765.3871468338
3.681472 305969.42870418984
3.683104 306173.2192288904
3.684736 306376.75918391946
3.686368 306580.04903112334
3.688 306783.08923121373
3.689632 306985.8802437718
3.692064 307096.10333407467
3.693696 307298.39315212495
3.695328 307500.435234156
3.69696 307702.23003497743
3.698592 307903.7780082863
3.727456 304994.513153602
3.729248 305177.329768757
3.73104 305359.9037965985
3.732832 305542.23571965593
3.735264 305651.99647489545
3.737056 305833.850518663
3.738848 306015.4639479731
3.74064 306196.8372400522
3.742432 306377.97087086557
3.744864 306486.59480294446
3.746496 306685.3188042998
3.748128 306883.8041641894
3.74976 307082.05131222086
3.751392 307280.06067697157
3.753024 307477.83268599096
3.754656 307675.36776580435
3.756288 307872.6663419157
3.75792 308069.7288388107
3.759552 308266.5556799597
3.761184 308463.1472878208
3.790048 305614.01067844656
3.79184 305792.2819783441
3.793632 305970.32208011765
3.796064 306077.2937358639
3.797856 306254.87759054254
3.799648 306432.2316389077
3.80144 306609.3563267498
3.803232 306786.252098707
3.805664 306892.13883428543
3.807456 307068.58311490045
3.809088 307262.48942062445
3.81072 307456.1681119058
3.812352 307649.6195892829
3.813984 307842.844252355
3.815616 308035.8424997846
3.817248 308228.6147293007
3.81888 308421.1613377013
3.820512 308613.482720856
3.822144 308805.57927370875
3.823776 308997.4513902809
3.85264 306206.0325720343
3.854432 306379.97745310754
3.856864 306484.295845998
3.858656 306657.8046779987
3.860448 306831.0938003471
3.86224 307004.16363009793
3.864032 307177.014583251
3.866464 307280.2964918515
3.868256 307452.715844068
3.870048 307624.9176042412
3.87168 307814.2331882499
3.873312 308003.3314387651
3.874944 308192.21272981894
3.876576 308380.8774345859
3.878208 308569.32592538494
3.87984 308757.5585736824
3.881472 308945.57575009397
3.883104 309133.37782438745
3.884736 309320.96516548493
3.886368 309508.3381414655
3.915232 306772.36705652694
3.917664 306874.1584613765
3.919456 307043.7743998671
3.921248 307213.18007493205
3.92304 307382.375877307
3.924832 307551.3621967599
3.927264 307652.16238754534
3.929056 307820.7357121174
3.930848 307989.1007573208
3.93264 308157.257908924
3.934272 308342.1941369944
3.935904 308526.92263219046
3.937536 308711.4437443249
3.939168 308895.75782242586
3.9408 309079.8652147384
3.942432 309263.7662687272
3.944864 309362.5290246085
3.946496 309546.0156357153
3.948128 309729.2970056531
3.94976 309912.373478592
3.978464 307247.9419122715
3.980256 307413.8351818207
3.982048 307579.52703838004
3.98384 307745.0178485339
3.985632 307910.3079779776
3.988064 308008.7411358067
3.989856 308173.6357001919
3.991648 308338.33071308554
3.99344 308502.8265365074
3.995232 308667.1235316019
3.997664 308764.61803065677
3.999296 308945.1704162737
4.000928 309125.52443221293
4.00256 309305.6804052126
4.004192 309485.63866129407
4.005824 309665.3995257631
4.007456 309844.96332321246
4.009088 310024.3303775236
4.01072 310203.50101186865
4.012352 310382.47554871213
