1.030864 40
1.093464 17252.39616613419
1.095096 33005.35558600071
1.156464 25159.23566878982
1.158096 33010.56338028169
1.159728 40663.02458405758
1.16056 48420.922773254366
1.219464 38812.3011664899
1.221096 43946.33920686321
1.222728 48993.03673435349
1.22356 54178.602565699344
1.225192 59075.37771190974
1.226824 63890.58991630948
1.228456 68626.26017247663
1.230088 73284.34325181703
1.282464 62162.16216216215
1.284096 65868.4526442156
1.285728 69527.27729298764
1.28656 73368.3749452475
1.288192 76944.59988808059
1.289824 80475.74915044793
1.291456 83962.66961380244
1.293088 87406.18707669778
1.29472 90807.10690679762
1.295552 94450.82512240826
1.297184 97777.11024331635
1.298816 101062.87693318208
1.300448 104308.86106000355
1.30208 107515.78077989502
1.303712 110684.33706679178
1.304544 114147.90996784568
1.346176 102374.79068351346
1.347808 105128.98177596046
1.34944 107854.95454773745
1.350272 110830.03556579676
1.351904 113506.10515823573
1.353536 116155.10487429958
1.355168 118777.44338645224
1.3568 121373.52118207255
1.358432 123943.73076735208
1.359264 126796.58952496955
1.361696 129008.07660685785
1.364128 131187.28695568678
1.36576 133653.43270746735
1.367392 136095.6592022061
1.369824 138187.39674297854
1.371456 140578.75698783295
1.373888 142613.92788842763
1.37632 144620.44370339494
1.377952 146936.7998893652
1.379584 149231.47510897
1.414016 138535.0983421723
1.415648 140650.33889143
1.41808 142452.7912069749
1.419712 144529.48195696002
1.421344 146588.8137676706
1.423776 148328.37887364093
1.426208 150046.54174592256
1.42784 152049.49417597035
1.430272 153727.51672475264
1.431904 155695.19249950128
1.434336 157334.3379466233
1.437568 158641.17392501674
1.4392 160554.0535245484
1.441632 162135.31725937754
1.444064 163697.96708615683
1.446496 165242.32975324325
1.448928 166768.72440583262
1.45216 167957.9203220539
1.453792 169768.84954413044
1.456224 171243.18224562725
1.484256 162949.5006528567
1.486688 164361.6834567728
1.48992 165470.00801645117
1.491552 167141.31907060745
1.493984 168509.24166522716
1.496416 169862.87246107848
1.499648 170910.26997508443
1.50128 172528.14530118025
1.504512 173546.60000675605
1.506144 175138.8655108568
1.509376 176129.334269569
1.512608 177106.51300275666
1.51504 178364.89210535015
1.517472 179610.6927958439
1.519904 180844.10273188291
1.523136 181769.42828355054
1.525568 182978.10407839838
1.5296 183584.1006063328
1.531232 185063.79304831647
1.534464 185941.22319301032
1.557696 179715.73480730102
1.560128 180854.92306297048
1.56336 181710.28514768183
1.565792 182828.3432536715
1.568224 183936.2810778621
1.571456 184760.410808891
1.574688 185574.74477036684
1.57712 186652.41205588586
1.580352 187447.22359723962
1.582784 188505.58051891578
1.586016 189281.4940772977
1.589248 190048.4254563168
1.59168 191078.71387406922
1.594912 191827.64587410996
1.597344 192839.99435108033
1.601376 193300.0532854699
1.603808 194294.73037504542
1.60784 194739.46923268907
1.610272 195717.00770441556
1.613504 196416.31195935738
1.632736 191868.03838689954
1.635968 192561.9397657262
1.6392 193248.4679519213
1.641632 194181.75149975115
1.644864 194853.4201954397
1.648096 195518.05479949192
1.651328 196175.76523376058
1.65456 196826.6591416331
1.657792 197470.84194676264
1.660224 198360.2389729249
1.663456 198990.81872676226
1.667488 199364.14586946138
1.66992 200232.84344408
1.673152 200844.48098049473
1.676384 201449.99380344525
1.680416 201800.62566199477
1.682848 202643.00964440848
1.68688 202982.85407672985
1.690112 203565.27437322523
1.693344 204142.01183431954
1.709376 200851.27455372934
1.712608 201424.58166115143
1.71664 201756.84188423044
1.719072 202555.04149908168
1.722304 203112.34525049172
1.726336 203430.18841880045
1.729568 203977.650049234
1.7328 204520.07020583077
1.736032 205057.51820842692
1.739264 205590.06211180126
1.742496 206117.76873440205
1.746528 206409.71182007197
1.74896 207158.93139635923
1.752992 207442.44787627674
1.756224 207951.91353259073
1.760256 208228.2229582995
1.762688 208957.3449353943
1.76672 209225.71807527557
1.770752 209491.1662305646
1.773984 209979.54569921413
1.787616 207571.30473391546
1.790848 208057.01172656266
1.79488 208320.24460220727
1.798112 208798.19823577255
1.801344 209272.14204132487
1.805376 209525.48185179828
1.808608 209991.9767944208
1.81184 210454.61064104407
1.815072 210913.4311305164
1.819104 211153.96325992083
1.822336 211605.7169426082
1.826368 211840.54385647338
1.8288 212498.24547332118
1.832832 212726.69233685135
1.836864 212952.8535980149
1.840896 213176.76338712542
1.843328 213818.70458260304
1.84736 214036.5660088966
1.851392 214252.28633270288
1.854624 214674.17694474116
1.866656 212828.07205620536
1.869888 213247.77360361564
1.87392 213461.50196428233
1.877952 213673.19570103695
1.881184 214084.10951171324
1.885216 214291.06504110718
1.888448 214696.1697046587
1.89168 215098.2323748629
1.895712 215297.94830999203
1.899744 215495.81069883067
1.902976 215889.70224007926
1.907008 216083.2009350061
1.90944 216668.79131685817
1.913472 216857.31377916355
1.917504 217044.1216277181
1.921536 217229.23814827457
1.924768 217607.2598399828
1.9288 217788.3501719499
1.932832 217967.82147481947
1.936064 218338.48873177197
1.946496 216986.73702972374
1.949728 217355.34311932998
1.95376 217532.63639673378
1.957792 217708.38727495554
1.961824 217882.61579444873
1.965856 218055.34164998203
1.969088 218412.66051603883
1.97232 218767.5260447647
1.976352 218934.56077708016
1.980384 219100.17693150224
1.983616 219448.50286328446
1.987648 219610.69583103395
1.99088 219954.66742220963
1.994912 220113.52131844056
1.998944 220271.05197917527
2.002976 220427.27586944718
2.006208 220763.13587821322
2.01024 220916.17519726846
2.014272 221067.95958544163
2.017504 221397.87561825992
2.027136 220301.28318370885
2.030368 220629.43219837034
2.0344 220779.32430924248
2.038432 220928.01676909157
2.042464 221075.52392249904
2.046496 221221.85988625805
2.050528 221367.0385538766
2.05376 221684.315903083
2.057792 221826.6519171743
2.061824 221967.8746023124
2.065056 222279.808778254
2.069088 222418.28353033646
2.07232 222726.6442365304
2.076352 222862.43361951548
2.080384 222997.17966308407
2.084416 223130.89434598386
2.088448 223263.5894642884
2.09248 223395.27663486608
2.096512 223525.9672987703
2.099744 223823.06713569348
2.108576 222953.8132636549
2.111808 223249.30801225596
2.11584 223378.2129742962
2.119872 223506.16340743136
2.123904 223633.16987484446
2.127936 223759.2427844298
2.131968 223884.392391636
2.1352 224170.9045073238
2.139232 224293.73637636603
2.143264 224415.6778137361
2.146496 224697.74979563153
2.151328 224656.92784417886
2.15456 224936.28169896483
2.158592 225054.26840514733
2.162624 225171.41443415562
2.166656 225287.72873906489
2.170688 225403.22014626817
2.17472 225517.89735770933
2.178752 225631.76895306862
2.181984 225901.73048856767
2.190016 225233.61905945037
2.193248 225502.0716045644
2.19728 225614.18910577355
2.201312 225725.5341544434
2.205344 225836.11470608265
2.209376 225945.9386073286
2.213408 226055.01359780272
2.21744 226163.34731192948
2.221472 226270.9472807171
2.225504 226377.82093350298
2.228736 226635.2331467803
2.233568 226589.41851029015
2.2368 226844.5423306046
2.240832 226948.15069489437
2.244864 227051.07084019764
2.248896 227153.30960106142
2.252928 227254.87372183456
2.25696 227355.76985815144
2.260992 227456.00457838536
2.264224 227703.1847960044
2.271456 227214.10423410757
2.275488 227313.63046189045
2.27952 227412.51393498285
2.283552 227510.760859847
2.287584 227608.37736329495
2.291616 227705.36949376247
2.295648 227801.74322255817
2.29968 227897.50444508897
2.303712 227992.65898206228
2.307744 228087.21258066536
2.310976 228323.77166997886
2.315808 228274.5395908304
2.31904 228509.1478183105
2.323072 228600.96826517096
2.327104 228692.2174905882
2.331136 228782.90080844625
2.335168 228873.02346692185
2.3392 228962.59064949676
2.343232 229051.60747595187
2.347264 229140.07900334246
2.353696 228812.1242909153
2.357728 228900.62583655902
2.36176 228988.59114461238
2.365792 229076.0250740115
2.369824 229162.9324251658
2.373856 229249.3179408366
2.377888 229335.18630699973
2.38192 229420.5421536931
2.385952 229505.39005584875
2.389984 229589.7345341103
2.393216 229808.44891775402
2.398048 229756.93103488628
2.40128 229973.96411016802
2.406112 229922.16676555795
2.410144 230004.06008932198
2.414176 230085.47601697955
2.418208 230166.41871086048
2.42224 230246.89228504733
2.426272 230326.9008060725
2.430304 230406.44829360314
2.435936 230223.07753624016
2.439968 230302.37654566308
2.444 230381.22303868842
2.448032 230459.6208776941
2.452064 230537.57388122712
2.456096 230615.08582462365
2.460128 230692.16044061838
2.46416 230768.80141994395
2.468192 230845.01241191986
2.472224 230920.79702503188
2.476256 230996.1588275015
2.480288 231071.1013478458
2.48432 231145.6280754285
2.489152 231092.8979735142
2.493184 231166.91285081243
2.497216 231240.52069353062
2.501248 231313.7248501072
2.50528 231386.52863235344
2.509312 231458.93531595296
2.513344 231530.948140953
2.518176 231477.99520208267
2.522208 231549.52847900955
2.52624 231620.67600389465
2.530272 231691.4408886707
2.534304 231761.82621188738
2.539136 231708.86948773166
2.543168 231778.7957976703
2.5472 231848.35023372126
2.551232 231917.53575450153
2.555264 231986.35528732612
2.559296 232054.81172862125
2.563328 232122.9079443302
2.56736 232190.64677031376
2.572192 232137.4814445725
2.576224 232204.79370502668
2.580256 232271.75563059576
2.584288 232338.36994922187
2.58832 232404.63936059832
2.592352 232470.56653653437
2.596384 232536.15412131432
2.601216 232482.9082906253
2.605248 232548.09500096546
2.60928 232612.94867766165
2.613312 232677.4718663741
2.617344 232741.66708688415
2.622176 232688.4985471108
2.626208 232752.30921982968
2.63024 232815.79816128287
2.634272 232878.96779858897
2.638304 232941.82053451447
2.642336 233004.35874777846
2.646368 233066.58479335243
2.6504 233128.50100275635
2.655232 233075.26373334124
2.659264 233136.8214197986
2.663296 233198.07501935764
2.667328 233259.02677969084
2.67136 233319.67892637348
2.675392 233380.0336631544
2.679424 233440.09317222302
2.684256 233386.8798203935
2.688288 233446.60147312938
2.69232 233506.03326239155
2.696352 233565.17729338186
2.700384 233624.03565096552
2.705216 233570.9576003134
2.709248 233629.4912248925
2.71328 233687.74429154262
2.717312 233745.7188125575
2.721344 233803.41678103257
2.725376 233860.84017109353
2.729408 233917.99093812113
2.73344 233974.87101897362
2.738272 233921.8277060902
2.742304 233978.4041508905
2.746336 234034.71464413294
2.750368 234090.76105667683
2.7544 234146.54524187485
2.758432 234202.06903577747
2.762464 234257.33425733427
2.767296 234204.391533904
2.771328 234259.36991514906
2.77536 234314.09415670772
2.779392 234368.5660166723
2.783424 234422.7872369562
2.788256 234370.02103116436
2.792288 234423.96606382108
2.79632 234477.66469399407
2.800352 234531.11860606004
2.804384 234584.32946907842
2.808416 234637.29893696503
2.812448 234690.02864866322
2.81648 234742.52022831337
2.821312 234689.8653297946
2.825344 234742.0979893897
2.829376 234794.09645306788
2.833408 234845.86229240452
2.83744 234897.39706494496
2.841472 234948.7023143607
2.845504 234999.77957060354
2.850336 234947.2814091121
2.854368 234998.1135220981
2.8584 235048.7213384579
2.862432 235099.10633948617
2.866464 235149.2699934626
2.871296 235096.97723143263
2.875328 235146.90446655505
2.87936 235196.61389583745
2.883392 235246.10694143354
2.887424 235295.38501314257
2.891456 235344.44950854353
2.895488 235393.30181312695
2.89952 235441.94330042557
2.904352 235389.81834951707
2.908384 235438.23767523118
2.912416 235486.44948425557
2.916448 235534.45510780744
2.92048 235582.25586574204
2.924512 235629.85306667342
2.928544 235677.2480080941
2.933376 235625.32062872665
2.937408 235672.5048045049
2.94144 235719.4898292452
2.945472 235766.2769611325
2.949504 235812.8674477755
2.954336 235761.1652262159
2.958368 235807.55215034573
2.9624 235853.745412977
2.966432 235899.7462243641
2.970464 235945.55578469785
2.974496 235991.1752842102
2.978528 236036.60590327697
2.98256 236081.84881252
2.987392 236030.35581397254
2.991424 236075.40702656386
2.995456 236120.2733188367
2.999488 236164.9558270142
3.00352 236209.45567803003
3.007552 236253.77398962303
3.011584 236297.91187043095
3.016416 236246.6457690355
3.020448 236290.60145236392
3.02448 236334.3793388496
3.028512 236377.98050507397
3.032544 236421.40601894405
3.037376 236370.37804907223
3.041408 236413.6273565761
3.04544 236456.7035445672
3.049472 236499.60765042045
3.053504 236542.34070323934
3.057536 236584.9037239376
3.061568 236627.29772532085
3.0656 236669.5237121671
3.070432 236618.73494779287
3.074464 236660.7946760619
3.078496 236702.68876438733
3.082528 236744.41818933317
3.08656 236785.98391980134
3.090592 236827.38691710753
3.094624 236868.62813505443
3.099456 236818.0868919536
3.103488 236859.16982530354
3.10752 236900.09322680312
3.111552 236940.8580238844
3.115584 236981.46513680497
3.120416 236931.16993499082
3.124448 236971.6237800824
3.12848 237011.9221058573
3.132512 237052.0658074045
3.136544 237092.0557729569
3.140576 237131.89288395763
3.144608 237171.57801512393
3.14864 237211.11203451167
3.153472 237161.0773162073
3.157504 237200.4664635293
3.161536 237239.70653390107
3.165568 237278.79837204595
3.1696 237317.7428163177
3.173632 237356.54069875972
3.177664 237395.19284516491
3.182496 237345.41966284194
3.186528 237383.93367426467
3.19056 237422.3038798053
3.194592 237460.53108338942
3.198624 237498.61608296118
3.203456 237449.09306487368
3.207488 237487.0441564551
3.21152 237524.85490604662
3.215552 237562.52609068202
3.219584 237600.05848166966
3.223616 237637.45284464458
3.227648 237674.7099396208
3.23168 237711.83052104313
3.236512 237662.5826061094
3.240544 237699.57640925387
3.244576 237736.4354532116
3.248608 237773.16047298518
3.25264 237809.7521982414
3.256672 237846.21135336024
3.260704 237882.53865748213
3.265536 237833.56125641707
3.269568 237869.76750834408
3.2736 237905.8435767741
3.277632 237941.79016258018
3.281664 237977.60796161366
3.286496 237928.8820162154
3.290528 237964.5823449858
3.29456 238000.15549791133
3.298592 238035.60215334466
3.302624 238070.9229848224
3.306656 238106.11866110787
3.310688 238141.18984623378
3.31472 238176.1371995432
3.319552 238127.6958676762
3.323584 238162.53183991066
3.327616 238197.24550147343
3.331648 238231.83749539286
3.33568 238266.30846019814
3.339712 238300.65902995778
3.343744 238334.88983431912
3.348576 238286.72414864312
3.352608 238320.8484656362
3.35664 238354.85446577828
3.360672 238388.74276335217
3.364704 238422.5139683954
3.369536 238374.59891767637
3.373568 238408.26668670046
3.3776 238441.8187644456
3.381632 238475.25574620714
3.385664 238508.57822320366
3.389696 238541.7867826111
3.393728 238574.88200759754
3.39776 238607.8644773577
3.402592 238560.23962275605
3.406624 238593.1238845675
3.410656 238625.896717024
3.414688 238658.55868554057
3.41872 238691.11035171297
3.422752 238723.55227335062
3.426784 238755.88500450764
3.431616 238708.5379914294
3.435648 238740.77671840796
3.43968 238772.90751971095
3.443712 238804.9309363872
3.447744 238836.84750587534
3.452576 238789.7487397345
3.456608 238821.57391711575
3.46064 238853.29347232005
3.464672 238884.90793028867
3.468704 238916.4178124898
3.472736 238947.82363694737
3.476768 238979.1259182699
3.4808 239010.32516767783
3.485632 238963.5191594481
3.489664 238994.6315275744
3.493696 239025.64202511584
3.497728 239056.55115158352
3.50176 239087.35940322865
3.505792 239118.06727306813
3.509824 239148.67525091168
3.514656 239102.14703968767
3.518688 239132.67176456214
3.52272 239163.09770709058
3.526752 239193.4253460091
3.530784 239223.655156965
3.535616 239177.37165196397
3.539648 239207.52045612532
3.54368 239237.5725082935
3.547712 239267.52827345947
3.551744 239297.38821363967
3.555776 239327.1527878992
3.559808 239356.82245237537
3.56384 239386.3976603016
3.568672 239340.40715452074
3.572704 239369.90526547702
3.576736 239399.30994174097
3.580768 239428.62162653968
3.5848 239457.84076030095
3.588832 239486.96778067594
3.592864 239516.00312256048
3.597696 239470.28866711963
3.601728 239499.25005756816
3.60576 239528.1207474011
3.609792 239556.90116203317
3.613824 239585.59172422337
3.618656 239540.11759832318
3.622688 239568.73614875085
3.62672 239597.2657959455
3.630752 239625.70695353032
3.634784 239654.0600325663
3.638816 239682.32544157255
3.642848 239710.50358654573
3.64688 239738.59487097937
3.651712 239693.41220856764
3.655744 239721.43488464234
3.659776 239749.37160315755
3.663808 239777.22275901044
3.66784 239804.98874468333
3.671872 239832.6699502614
3.675904 239860.2667634516
3.680736 239815.3571191363
3.684768 239842.88806226602
3.6888 239870.3354783561
3.692832 239897.69974695414
3.696864 239924.9812453113
3.701696 239880.30696052767
3.705728 239907.52427039278
3.70976 239934.65965084123
3.713792 239961.71347125227
3.717824 239988.68609878822
3.721856 240015.57789841073
3.725888 240042.38923289737
3.72992 240069.12046285815
3.734752 240024.734752327
3.738784 240051.40476823543
3.742816 240077.99548074597
3.746848 240104.50724304712
3.75088 240130.9404062329
3.754912 240157.29531931892
3.758944 240183.57232925718
3.763776 240139.45564291865
3.767808 240165.67383183577
3.77184 240191.81488637626
3.775872 240217.87914643597
3.779904 240243.86694991708
3.784736 240199.98024599542
3.788768 240225.91069159767
3.7928 240251.76542830822
3.796832 240277.54478721373
3.800864 240303.24909747296
3.804896 240328.87868633095
3.808928 240354.43387913314
3.81296 240379.91499933862
3.817792 240336.31295821065
3.821824 240361.73932983633
3.825856 240387.0923423037
3.829888 240412.3723126347
3.83392 240437.57955602743
3.837952 240462.7143858689
3.841984 240487.77711374828
3.846816 240444.43939385327
3.850848 240469.44947205376
3.85488 240494.38813377827
3.858912 240519.25568448627
3.862944 240544.0524278975
3.867776 240500.9390492197
3.871808 240525.68442038982
3.87584 240550.35965154012
3.879872 240574.96504046317
3.883904 240599.50088326837
3.887936 240623.9674743934
3.891968 240648.36510661617
3.896 240672.6940710668
3.900832 240629.86068137345
3.904864 240654.1405706333
3.908896 240678.35242971586
3.912928 240702.4965441434
3.91696 240726.5731978423
3.920992 240750.58267315498
3.925024 240774.52525084995
3.929856 240731.95096778468
3.933888 240755.8463174951
3.93792 240779.67538293038
3.941952 240803.43843951126
3.945984 240827.13576113505
3.950816 240784.78002378118
3.954848 240808.43123628583
3.95888 240832.01731138077
3.962912 240855.5385177869
3.966944 240878.99512274875
3.970976 240902.3873920449
3.975008 240925.71558999835
3.97904 240948.97997948562
3.983872 240906.89899925774
3.987904 240930.11930849767
3.991936 240953.27638098638
3.995968 240976.37047469497
4 240999.40184619365
4.004032 241022.37075066063
4.008064 241045.27744189173
4.012896 241003.4499965125
4.016928 241026.31423840884
4.02096 241049.11681765405
4.024992 241071.85798335943
4.029024 241094.53798329647
4.033856 241052.9232179107
4.037888 241075.5617514194
4.04192 241098.1396559878
4.045952 241120.65717484866
4.049984 241143.11454993507
