1.030578 40
1.093893 17057.569296375263
1.094725 33049.090370555154
1.15675 25045.176425831414
1.158382 32862.82119495477
1.159214 40735.09748437452
1.160846 48208.309024472605
1.219607 38724.216919097045
1.221239 43847.45700484106
1.222071 49087.95621772078
1.223703 54058.25242718447
1.225335 58945.24972144773
1.226967 63751.0247518955
1.227799 68755.35566699284
1.229431 73421.06983550666
1.282464 62091.581112090375
1.284096 65794.14479445248
1.284928 69667.78061725966
1.28656 73286.40295020746
1.288192 76859.17690808729
1.289824 80386.9683620962
1.290656 84128.60757157467
1.292288 87577.85334912686
1.29392 90984.34735059354
1.295552 94348.87951270689
1.296384 97966.1858648789
1.298016 101257.11379833828
1.299648 104508.12056342218
1.30048 108039.21423331428
1.302112 111219.95772168497
1.303744 114362.6952109706
1.345321 102559.86630361914
1.346953 105318.05610430657
1.347785 108320.43429054214
1.349417 111027.82281966758
1.351049 113707.63657241999
1.352681 116360.29468834502
1.353513 119280.96985461471
1.355145 121885.46586683179
1.356777 124463.90087032766
1.358409 127016.66407386733
1.359241 129859.46090676471
1.361673 132046.69354716927
1.363305 134524.70043008233
1.364937 136978.51710287444
1.366569 139408.49606090641
1.369001 141479.74576196066
1.370633 143859.08161914983
1.372265 146215.68862731094
1.373897 148549.8909177762
1.376329 150512.9413942404
1.408178 140572.03389830512
1.40981 142709.47599358702
1.411442 144828.60023525453
1.413874 146622.9754550008
1.415506 148703.13409260954
1.417138 150765.72847682118
1.41877 152810.98013354212
1.421202 154521.99557630863
1.422834 156530.42910752163
1.424466 158522.2195141766
1.426098 160497.57281553393
1.42853 162130.10614345444
1.430962 163742.80690537082
1.432594 165665.0481572873
1.435026 167240.2879974682
1.437458 168796.6968147857
1.43909 170668.18110606298
1.441522 172188.91138451957
1.443154 174028.54262002636
1.445586 175514.68887346747
1.471035 167734.87536808357
1.472667 169468.13876843805
1.475099 170880.5658225371
1.477531 172277.62203184678
1.479163 173969.25889184882
1.481595 175337.07155162666
1.483227 177002.48978789302
1.485659 178341.87759981188
1.488091 179667.025855003
1.489723 181293.4911629224
1.492155 182591.42028307306
1.494587 183875.7437894523
1.497019 185146.67449902557
1.498651 186723.01115424305
1.501083 187968.24688366757
1.504315 188881.1724648908
1.505947 190420.49439488063
1.508379 191627.89529532174
1.510811 192823.06713616103
1.513243 194006.19477277205
1.533893 188112.81205606827
1.535525 189564.44933824736
1.538757 190405.34929621257
1.541189 191535.23915465982
1.542821 192955.29660727427
1.545253 194064.21528148832
1.547685 195162.70327030963
1.550117 196250.9070541384
1.552549 197328.97038341212
1.554181 198700.1602359039
1.556613 199758.57119773398
1.559845 200503.71551598722
1.562277 201542.60211134498
1.563909 202875.88758200817
1.566341 203896.1257123019
1.569573 204603.0111596582
1.572005 205604.81837810078
1.574437 206597.66593914962
1.576869 207581.67350368208
1.579301 208556.9586111754
1.59675 203966.28586365984
1.598382 205211.65754380033
1.601614 205871.43367493464
1.604046 206811.888370406
1.606478 207744.40006945646
1.60891 208669.0689776806
1.611342 209585.9936221942
1.613774 210495.27088663157
1.616206 211396.99604527105
1.618638 212291.2627963133
1.62107 213178.1632943376
1.624302 213769.36084780138
1.626734 214641.80516509106
1.628366 215795.5663211707
1.630798 216653.8935723568
1.63403 217216.945175424
1.636462 218061.54313366913
1.638894 218899.38781817342
1.642126 219443.11811991865
1.644558 220267.7611648588
1.659607 216651.37855329402
1.661239 217739.79998763205
1.664471 218270.27589829828
1.666903 219070.44356264485
1.669335 219864.51811878383
1.672567 220377.60771602008
1.674999 221159.7697778316
1.677431 221936.05038548174
1.679863 222706.51562873003
1.682295 223471.23061083257
1.684727 224230.25946687983
1.687959 224709.87144441353
1.690391 225457.8191093537
1.692823 226200.2733127468
1.695255 226937.29435500252
1.698487 227396.24709354117
1.700919 228122.70172941827
1.703351 228843.90425894022
1.706583 229288.24490943115
1.709015 229999.2482721314
1.722464 227031.62081614602
1.724096 227996.96619265826
1.727328 228432.00574094008
1.72976 229124.89165911023
1.732192 229812.9740854658
1.735424 230234.68956339397
1.737856 230913.44563241044
1.741088 231326.79343007135
1.74352 231996.43168729014
1.745952 232661.51691283163
1.748384 233322.09538510407
1.751616 233718.61122437372
1.754048 234370.4645666026
1.75648 235017.95008141594
1.758912 235661.11152301004
1.762144 236041.5874985989
1.764576 236676.39421360823
1.767008 237307.00813383487
1.77024 237676.12774483478
1.772672 238298.65219230985
1.785321 235682.87483289014
1.786953 236549.33068914228
1.790185 236911.98211706846
1.792617 237520.6518301557
1.795049 238125.44883978597
1.798281 238477.64044168123
1.800713 239074.9673758497
1.803945 239420.61143027828
1.806377 240010.6213078388
1.809609 240349.8705443044
1.812041 240932.71210537158
1.814473 241511.9371854649
1.817705 241841.53256081932
1.820137 242413.8031483398
1.822569 242982.5591452428
1.825801 243302.82197572253
1.828233 243864.8287793595
1.830665 244423.41895318884
1.833897 244734.65709139206
1.836329 245286.6952693822
1.848178 243003.91389432483
1.84981 243789.30510526933
1.853042 244095.7902108785
1.855474 244636.89968189926
1.857906 245174.82787963175
1.861138 245472.9339240994
1.86357 246004.76355115057
1.866802 246297.64273687432
1.869234 246823.489010989
1.872466 247111.25470371358
1.874898 247631.22986545388
1.87733 248148.21813234573
1.880562 248428.20570740153
1.882994 248939.48494631727
1.886226 249214.63031526984
1.888658 249720.30579899313
1.89189 249990.71184425618
1.894322 250490.88618850027
1.896754 250988.25181025564
1.899986 251251.42625786742
1.911035 249279.63546203845
1.912667 249997.44923698177
1.915899 250259.51039227578
1.918331 250745.42130525043
1.920763 251228.6771850795
1.923995 251483.90952936874
1.926427 251962.10522085757
1.929659 252213.093147336
1.932091 252686.3173354128
1.935323 252933.14690879753
1.937755 253401.48614878906
1.940187 253867.32101375423
1.943419 254107.77999673545
1.945851 254568.8554125381
1.949083 254805.36306280317
1.951515 255261.76057645635
1.954747 255494.39550558393
1.957179 255946.19474833287
1.959611 256395.62857293553
1.962843 256622.31232535816
1.973893 254718.73128276347
1.975525 255379.4022310246
1.978757 255605.74532867735
1.981189 256045.8484069719
1.983621 256483.70535222438
1.986853 256704.39988497033
1.989285 257137.9994096215
1.992517 257355.19611950443
1.994949 257784.60779098497
1.998181 257998.3732997934
2.000613 258423.66512548516
2.003045 258846.8297638891
2.006277 259055.3029161658
2.008709 259474.4466743207
2.011941 259679.6496301572
2.014373 260094.83683084382
2.017605 260296.83078578394
2.020037 260708.12433865378
2.022469 261117.4010047475
2.025701 261314.4304774384
2.03675 259478.49870598663
2.038382 260090.25564494685
2.041614 260287.46750857536
2.044046 260689.0400091567
2.046478 261088.68983167634
2.04971 261281.1686807989
2.052142 261677.1930099338
2.055374 261866.75201698678
2.057806 262259.2063300456
2.061038 262445.89794848906
2.06347 262834.836556
2.065902 263221.94791195804
2.069134 263404.18812273967
2.071566 263787.86306854646
2.074798 263967.3631993258
2.07723 264347.6532792179
2.080462 264524.46175006
2.082894 264901.41744494997
2.085326 265276.634798075
2.088558 265449.2523488157
2.099607 263678.53444574476
2.101239 264247.9739151795
2.104471 264421.1294793801
2.106903 264789.91011079366
2.109335 265157.02794976067
2.112567 265326.17244722456
2.114999 265690.1701460964
2.118231 265856.8495650726
2.120663 266217.77200860484
2.123895 266382.0282681052
2.126327 266739.91945235635
2.128759 267096.22548559844
2.131991 267256.6966251533
2.134423 267610.03582930577
2.137655 267768.18595273857
2.140087 268118.6002096423
2.143319 268274.4681826229
2.145751 268621.99855986465
2.148183 268968.0164279866
2.151415 269120.3091975015
2.162464 267412.0892033297
2.164096 267944.57608966075
2.167328 268097.646800088
2.16976 268438.2302388907
2.172192 268777.36257614224
2.175424 268926.99978861783
2.177856 269263.4217687431
2.181088 269410.9568799924
2.18352 269744.70528439415
2.186752 269890.1722405106
2.189184 270221.2831626972
2.191616 270551.0069437866
2.194848 270693.22408032505
2.19728 271020.36338328035
2.200512 271160.59538401314
2.202944 271485.18466076296
2.206176 271623.463122598
2.208608 271945.5361917778
2.21104 272266.28218443284
2.214272 272401.4821398098
2.225321 270752.789512054
2.226953 271252.74266011914
2.230185 271388.8798581535
2.232617 271704.99459668115
2.235049 272019.83277305966
2.238281 272153.0045052467
2.240713 272465.4687286956
2.243945 272596.8317912058
2.246377 272906.952547255
2.249609 273036.534755884
2.252041 273344.3419898924
2.254473 273650.92593727406
2.257705 273777.6937513395
2.260137 274082.0082647519
2.263369 274207.0634844025
2.265801 274509.13721651875
2.269033 274632.5058237885
2.271465 274932.36692785076
2.273897 275231.0549424565
2.277129 275351.75055011787
2.288178 273759.54198473284
2.28981 274230.64216919517
2.293042 274352.37757274666
2.295474 274647.08561020036
2.297906 274940.6625593375
2.301138 275059.8161440625
2.30357 275351.2983585128
2.306802 275468.88320545614
2.309234 275758.29621102154
2.312466 275874.3353553508
2.314898 276161.70424816245
2.31733 276447.9868692646
2.320562 276561.56975590397
2.322994 276845.84530058433
2.326226 276957.93919336115
2.328658 277240.2317268581
2.33189 277350.8582107903
2.334322 277631.1913995386
2.336754 277910.4806702925
2.339986 278018.768787116
2.351035 276480.0368357319
2.352667 276925.3809690573
2.355899 277034.77119882655
2.358331 277310.61424828257
2.360763 277585.44864060264
2.363995 277692.57479093183
2.366427 277965.54850136506
2.369659 278071.30412573996
2.372091 278342.43872403767
2.375323 278446.8430817739
2.377755 278716.15979192045
2.380187 278984.505882815
2.383419 279086.7515103401
2.385851 279353.3111041096
2.389083 279454.2530207839
2.391515 279719.0465098678
2.394747 279818.7028146805
2.397179 280081.75026946416
2.399611 280343.86315012124
2.402843 280441.4599220996
2.413893 278953.09455908457
2.415525 279375.3118350377
2.418757 279474.0447737648
2.421189 279733.1532685992
2.423621 279991.35705071565
2.426853 280088.09152924747
2.429285 280344.63257851714
2.432517 280440.16180447227
2.434949 280695.05849949905
2.438181 280789.3987154048
2.440613 281042.66915360256
2.443045 281295.06742458406
2.446277 281387.4983312131
2.448709 281638.297167187
2.451941 281729.57928410964
2.454373 281978.7961047763
2.457605 282068.9447361542
2.460037 282316.5966984713
2.462469 282563.4074102009
2.465701 282651.7308969335
2.47675 281211.36351692607
2.478382 281612.70448209846
2.481614 281702.17692738154
2.484046 281946.35176006623
2.486478 282189.7108317879
2.48971 282277.40876082494
2.492142 282519.27387374075
2.495374 282605.90553223796
2.497806 282846.2924644295
2.501038 282931.87165920873
2.50347 283170.7959578842
2.505902 283408.9325463424
2.509134 283492.8132583412
2.511566 283729.5102998809
2.514798 283812.37282882596
2.51723 284047.64531309274
2.520462 284129.502699539
2.522894 284363.3653998215
2.525326 284596.46709679486
2.528558 284676.69795324374
2.539607 283281.50088566885
2.541239 283663.906064961
2.544471 283745.2845082182
2.546903 283976.0605411109
2.549335 284206.09748629964
2.552567 284285.89168515673
2.554999 284514.5796338413
2.558231 284593.42533939314
2.560663 284820.7779306379
2.563895 284898.68696427415
2.566327 285124.71764591744
2.568759 285350.0335786231
2.571991 285426.42367749586
2.574423 285650.4377058578
2.577655 285725.92055857595
2.580087 285948.64566775673
2.583319 286023.23246439686
2.585751 286244.6814598761
2.588183 286465.43892707076
2.591415 286538.56872947013
2.602464 285186.07583501603
2.604096 285551.2297920964
2.607328 285625.4954812114
2.60976 285844.19021999993
2.612192 286062.2123982211
2.615424 286135.05665534694
2.617856 286351.85518856806
2.621088 286423.85146902566
2.62352 286639.43822185614
2.626752 286710.59671439324
2.629184 286924.9833917801
2.631616 287138.71875620686
2.634848 287208.51228284516
2.63728 287421.0650139229
2.640512 287490.0461758059
2.642944 287701.4275915022
2.646176 287769.6060529909
2.648608 287979.82732087787
2.65104 288189.41758584895
2.654272 288256.2847433075
2.665321 286944.18633387634
2.666953 287293.5604613857
2.670185 287361.5445652525
2.672617 287569.2964661619
2.675049 287776.433880561
2.678281 287843.1367788976
2.680713 288049.1596142134
2.683945 288115.10088201833
2.686377 288320.01951927744
2.689609 288385.2079918941
2.692041 288589.0326778267
2.694473 288792.2615309259
2.697705 288856.21791261254
2.700137 289058.3681079854
2.703369 289121.5937914539
2.705801 289322.67524980253
2.709033 289385.17863153917
2.711465 289585.2011467755
2.713897 289784.64569104253
2.717129 289845.9637449446
2.728178 288572.1017907634
2.72981 288906.9885689535
2.733042 288969.3996466298
2.735474 289167.198468411
2.737906 289364.43378190947
2.741138 289425.6851557385
2.74357 289621.90132820234
2.746802 289682.4656921241
2.749234 289877.6718552171
2.752466 289937.55691427086
2.754898 290131.76208592375
2.75733 290325.42021089303
2.760562 290384.1885242869
2.762994 290576.8591377591
2.766226 290634.9674588396
2.768658 290826.6593022186
2.77189 290884.1149661864
2.774322 291074.8366732731
2.776754 291265.0271221229
2.779986 291321.4070131153
2.791035 290083.7680215989
2.792667 290405.30869893637
2.795899 290462.75436591986
2.798331 290651.46544794436
2.800763 290839.6580018473
2.803995 290896.04982922797
2.806427 291083.3071956006
2.809659 291139.076860469
2.812091 291325.4071118201
2.815323 291380.56136871094
2.817755 291565.97248062165
2.820187 291750.8796614232
2.823419 291805.01784597745
2.825851 291989.01782625815
2.829083 292042.5575686473
2.831515 292225.6580879842
2.834747 292278.6058290548
2.837179 292460.8145351409
2.839611 292642.5333313433
2.842843 292694.50108014006
2.853893 291491.04789901915
2.855525 291800.2550211047
2.858757 291853.2594456013
2.861189 292033.6434119537
2.863621 292213.5487274439
2.866853 292265.592027338
2.869285 292444.63636675116
2.872517 292496.1141492742
2.874949 292674.3046816503
2.878181 292725.2228969102
2.880613 292902.5667081974
2.883045 293079.4448700031
2.886277 293129.43532329326
2.888709 293305.4773856095
2.891941 293354.9232471044
2.894373 293530.13609329355
2.897605 293579.0430454407
2.900037 293753.43347995327
2.902469 293927.3707710545
2.905701 293975.3818816152
2.91675 292804.685892909
2.918382 293102.4619081218
2.921614 293151.4788718988
2.924046 293324.2072218807
2.926478 293496.4924310354
2.92971 293544.6298624845
2.932142 293716.1199938577
2.935374 293763.74162902485
2.937806 293934.44307654875
2.941038 293981.55418066855
2.94347 294151.4732666559
2.945902 294320.9608400459
2.949134 294367.2220148904
2.951566 294535.9367158983
2.954798 294581.7006371413
2.95723 294749.648613242
2.960462 294794.92031645426
2.962894 294962.1076469894
2.965326 295128.8746648142
2.968558 295173.3248021136
2.979607 294033.59313791635
2.981239 294320.7456344285
2.984471 294366.17051189597
2.986903 294531.8390349252
2.989335 294697.09616864164
2.992567 294741.7136385576
2.994999 294906.23445788864
2.998231 294950.3799704521
3.000663 295114.1702007782
3.003895 295157.8484348942
3.006327 295320.9137395489
3.008759 295483.5780952299
3.011991 295526.4752981837
3.014423 295688.42323871073
3.017655 295730.86498409475
3.020087 295892.1020211519
3.023319 295934.0927897805
3.025751 296094.6243759313
3.028183 296254.76508118474
3.031415 296296.00012394815
3.042464 295185.71131763933
3.044096 295462.9658140627
3.047328 295505.14441552
3.04976 295664.2838535605
3.052192 295823.0404023716
3.055424 295864.4756193804
3.057856 296022.54846153315
3.061088 296063.5505365648
3.06352 296220.94481790427
3.066752 296261.5179252854
3.069184 296418.23873764725
3.071616 296574.5860684612
3.074848 296614.43938423006
3.07728 296770.1209067075
3.080512 296809.5558198459
3.082944 296964.57649366633
3.086176 297003.5970068078
3.088608 297157.96174011077
3.09104 297311.962074525
3.094272 297350.28545898764
3.105321 296268.0197017173
3.106953 296536.0303413401
3.110185 296575.26638446585
3.112617 296728.35139015166
3.115049 296881.07918028126
3.118281 296919.6288935734
3.120713 297071.7202477352
3.123945 297109.87132213323
3.126377 297261.3308814442
3.129609 297299.0870549315
3.132041 297449.919413285
3.134473 297600.4030619399
3.137705 297637.4940855487
3.140137 297787.3574524344
3.143369 297824.0630521429
3.145801 297973.31061547645
3.149033 298009.63437977206
3.151465 298158.2705726425
3.153897 298306.566276664
3.157129 298342.24526004784
3.168178 297286.6766467066
3.16981 297546.0352126371
3.173042 297582.59648703545
3.175474 297730.05311213224
3.177906 297877.1757272294
3.181138 297913.10170374234
3.18357 298059.63050489733
3.186802 298095.18862604257
3.189234 298241.1278128614
3.192466 298276.3214375583
3.194898 298421.6751681822
3.19733 298566.70260371285
3.200562 298601.2800094378
3.202994 298745.7282583078
3.206226 298779.94969774527
3.208658 298923.8228164255
3.21189 298957.69151776546
3.214322 299100.99352305033
3.216754 299243.97669721016
3.219986 299277.24754819565
3.231035 298247.13684475544
3.232667 298498.3804015187
3.235899 298532.503884922
3.238331 298674.71587627777
3.240763 298816.6148987528
3.243995 298850.1488874442
3.246427 298991.4926513494
3.249659 299024.6863453835
3.252091 299165.4786625152
3.255323 299198.33509008895
3.257755 299338.5797356923
3.260187 299478.5184308101
3.263419 299510.8026052908
3.265851 299650.19932688307
3.269083 299682.15393756103
3.271515 299821.0123711644
3.274747 299852.6403314545
3.277179 299990.9641275865
3.279611 300128.9887698402
3.282843 300160.06109405414
3.293893 299154.1168595621
3.295525 299397.7342516182
3.298757 299429.63055384957
3.301189 299566.9447562793
3.303621 299703.9651251648
3.306853 299735.31317613204
3.309285 299871.8132695428
3.312517 299902.84578159184
3.314949 300038.8290693587
3.318181 300069.54878097295
3.320613 300205.0187005876
3.323045 300340.2011893737
3.326277 300370.38827825425
3.328709 300505.06259216735
3.331941 300534.94385718374
3.334373 300669.1133542698
3.337605 300698.6914327401
3.340037 300832.35944002465
3.342469 300965.7462224646
3.345701 300994.80675540783
3.35675 300012.20889942796
3.358382 300248.64636369725
3.361614 300278.5027773059
3.364046 300411.2334088147
3.366478 300543.6876578621
3.36971 300573.03307380684
3.372142 300704.99888108973
3.375374 300734.05106457026
3.377806 300865.53159727127
3.381038 300894.2930320022
3.38347 301025.2914285909
3.385902 301156.01929925557
3.389134 301184.28394322627
3.391566 301314.53442372434
3.394798 301342.5146559964
3.39723 301472.2908141966
3.400462 301499.9890289989
3.402894 301629.2939051965
3.405326 301758.3339369061
3.408558 301785.5490794708
3.419607 300825.14695300895
3.421239 301054.81287392904
3.424471 301082.7969336975
3.426903 301211.2296954712
3.429335 301339.4020319691
3.432567 301366.90884096466
3.434999 301494.6217821255
3.438231 301521.85551655496
3.440663 301649.1119607815
3.443895 301676.0748795123
3.446327 301802.8776996286
3.448759 301929.4254648432
3.451991 301955.92408234364
3.454423 302082.0225715753
3.457655 302108.2561451491
3.460087 302233.90816827596
3.463319 302259.8788773651
3.465751 302385.087219676
3.468183 302510.04572110745
3.471415 302535.5646444232
3.482464 301596.403747972
3.484096 301819.67281267146
3.487328 301845.93466978724
3.48976 301970.3299715108
3.492192 302094.4794756611
3.495424 302120.2947364663
3.497856 302244.01141662995
3.501088 302269.5718697759
3.50352 302392.85838487116
3.506752 302418.1660901051
3.509184 302541.025076192
3.511616 302663.6432009506
3.514848 302688.5161435753
3.51728 302810.7107325284
3.520512 302835.3361976663
3.522944 302957.1098305787
3.526176 302981.4898072526
3.528608 303102.845041893
3.53104 303223.96421141375
3.534272 303247.9208721193
3.545321 302329.1048031548
3.546953 302546.32159356214
3.550185 302570.9961910727
3.552617 302691.59200155106
3.555049 302811.9554552221
3.558281 302836.2113745167
3.560713 302956.1663705692
3.563945 302980.1840791326
3.566377 303099.73306243913
3.569609 303123.51444310846
3.572041 303242.65983805386
3.574473 303361.57742359646
3.577705 303384.9509663241
3.580137 303503.4686390862
3.583369 303526.6106782733
3.585801 303644.7308121444
3.589033 303667.6431674584
3.591465 303785.368116594
3.593897 303902.8696779449
3.597129 303925.384689414
3.608178 303026.0707635009
3.60981 303237.55288395926
3.613042 303260.76181507274
3.615474 303377.7761271634
3.617906 303494.5704603359
3.621138 303517.3862022111
3.62357 303633.79447371996
3.626802 303656.38712222053
3.629234 303772.4115850655
3.632466 303794.7828653655
3.634898 303910.4257541316
3.63733 304025.85286210576
3.640562 304047.8409063044
3.642994 304162.8898307161
3.646226 304184.66093296953
3.648658 304299.33386298356
3.65189 304320.8896918795
3.654322 304435.18879890715
3.656754 304549.2762099722
3.659986 304570.4584453991
3.671035 303689.8536882063
3.672667 303895.89449863345
3.675899 303917.74760038574
3.678331 304031.3805706197
3.680763 304144.8049853124
3.683995 304166.2882238261
3.686427 304279.34720686305
3.689659 304300.6211544515
3.692091 304413.3167863542
3.695323 304434.38302726904
3.697755 304546.71737196296
3.700187 304658.8470446421
3.703419 304679.5525809429
3.705851 304791.3241003816
3.709083 304811.8259999514
3.711515 304923.2413891113
3.714747 304943.54118537245
3.717179 305054.6024512014
3.719611 305165.4628262278
3.722843 305185.41079722834
3.733893 304322.65570235066
3.735525 304523.5267086564
3.738757 304544.1235605179
3.741189 304654.55943327904
3.743621 304764.79731430724
3.746853 304785.04569677217
3.749285 304894.93718889164
3.752517 304914.9889104789
3.754949 305024.5359387543
3.758181 305044.39245740674
3.760613 305153.59693190746
3.763045 305262.60701410123
3.766277 305282.1235084707
3.768709 305390.79393936956
3.771941 305410.1189809595
3.774373 305518.45163359505
3.777605 305537.5866345689
3.780037 305645.5833674916
3.782469 305753.3892149072
3.785701 305772.1923848772
3.79675 304926.80860047747
3.798382 305122.7615828288
3.801614 305142.1923064154
3.804046 305249.6008607274
3.806478 305356.82121113874
3.80971 305375.9231299557
3.812142 305482.8147042455
3.815374 305501.7315451473
3.817806 305608.29612790915
3.821038 305627.0292353232
3.82347 305733.2685975684
3.825902 305839.32309814537
3.829134 305857.73520344065
3.831566 305963.46717658197
3.834798 305981.69901077665
3.83723 306087.11019392504
3.840462 306105.16306011204
3.842894 306210.2551775832
3.845326 306315.1656915646
3.848558 306332.90513062547
3.859607 305504.11466266337
3.861239 305695.3835164295
3.864471 305713.73019376525
3.866903 305818.26835782215
3.869335 305922.6274034727
3.872567 305940.66338750784
3.874999 306044.70997788303
3.878231 306062.57152820233
3.880663 306166.3073206589
3.883895 306183.99567941454
3.886327 306287.4223189783
3.888759 306390.67294898396
3.891991 306408.0578371595
3.894423 306511.0018174866
3.897655 306528.2167168862
3.900087 306630.85566206626
3.903319 306647.9017774313
3.905751 306750.2372900691
3.908183 306852.3998255494
3.911415 306869.14948676375
3.922464 306056.3244885863
3.924096 306243.1268787683
3.927328 306260.46431345475
3.92976 306362.27735961386
3.932192 306463.91973570565
3.935424 306480.9631904755
3.937856 306582.3082622302
3.941088 306599.1870840505
3.94352 306700.23639330955
3.946752 306716.95173196116
3.949184 306817.7068093467
3.951616 306918.29411325697
3.954848 306934.7221699775
3.95728 307035.01757268084
3.960512 307051.28511427215
3.962944 307151.2901186278
3.966176 307167.3982609336
3.968608 307267.11435894115
3.97104 307366.66551038576
3.974272 307382.49288139323
3.985321 306585.0397141139
3.986953 306767.57853790536
3.990185 306783.9750345232
3.992617 306883.1976891594
3.995049 306982.25754274544
3.998281 306998.3755112961
4.000713 307097.15214964974
4.003945 307113.1145263938
4.006377 307211.6093862523
4.009609 307227.41723735
4.012041 307325.6317452204
4.014473 307423.68615517643
4.017705 307439.22170031606
4.020137 307536.997931802
4.023369 307552.3817065743
4.025801 307649.88116076833
4.029033 307665.11420047993
4.031465 307762.3382686519
